NumNormalizationFeatures=4096
0	0	0.0990877
1	0	0.1021903
2	0	0.0750294
3	0	0.1043372
4	0	0.1337618
5	0	0.06496532
6	0	0.1059453
7	0	0.08823742
8	0	0.1130568
9	0	0.1103527
10	0	0.1487215
11	0	0.1258988
12	0	0.07786597
13	0	0.07724972
14	0	0.07996795
15	0	0.06074438
16	0	0.08813407
17	0	0.1204195
18	0	0.1223485
19	0	0.1076041
20	0	0.1130701
21	0	0.09506101
22	0	0.09098452
23	0	0.1389989
24	0	0.08087651
25	0	0.1405247
26	0	0.1167248
27	0	0.09143994
28	0	0.0804324
29	0	0.1421475
30	0	0.09443495
31	0	0.1041818
32	0	0.07949631
33	0	0.07146349
34	0	0.08145439
35	0	0.1180222
36	0	0.1109534
37	0	0.09335822
38	0	0.1036068
39	0	0.1263941
40	0	0.1200464
41	0	0.1109145
42	0	0.0974168
43	0	0.1399306
44	0	0.08661091
45	0	0.09985361
46	0	0.0779082
47	0	0.1255476
48	0	0.05764566
49	0	0.1198051
50	0	0.1266845
51	0	0.2128123
52	0	0.1207023
53	0	0.1103647
54	0	0.1040726
55	0	0.06757309
56	0	0.1155827
57	0	0.1254475
58	0	0.103853
59	0	0.1365761
60	0	0.09040774
61	0	0.09478907
62	0	0.07580686
63	0	0.1256067
64	0	0.06981641
65	0	0.06527492
66	0	0.1283512
67	0	0.1829179
68	0	0.08220662
69	0	0.1009322
70	0	0.1371184
71	0	0.1260593
72	0	0.08076031
73	0	0.07360616
74	0	0.1665986
75	0	0.08552761
76	0	0.09648952
77	0	0.08766632
78	0	0.1120572
79	0	0.1520464
80	0	0.1051783
81	0	0.09483905
82	0	0.13606
83	0	0.1252466
84	0	0.1073357
85	0	0.1277128
86	0	0.09754156
87	0	0.08919445
88	0	0.07017795
89	0	0.1378971
90	0	0.1123282
91	0	0.08010439
92	0	0.099984
93	0	0.1548163
94	0	0.07625119
95	0	0.1127631
96	0	0.100374
97	0	0.199981
98	0	0.09970538
99	0	0.1164197
100	0	0.1010855
101	0	0.1345545
102	0	0.0822311
103	0	0.1437767
104	0	0.083978
105	0	0.129027
106	0	0.102612
107	0	0.07706345
108	0	0.08939146
109	0	0
110	0	0.06594122
111	0	0.1055497
112	0	0.08817526
113	0	0.1463148
114	0	0.08190183
115	0	0.08702758
116	0	0.06066747
117	0	0.1357929
118	0	0.125968
119	0	0.08278304
120	0	0.1118213
121	0	0.1517848
122	0	0.0751045
123	0	0.07935104
124	0	0.08385365
125	0	0.1108667
126	0	0.06942911
127	0	0.07350023
128	0	0.0831899
129	0	0.06985557
130	0	0.07763825
131	0	0.1355706
132	0	0.1158077
133	0	0.1467347
134	0	0.1242308
135	0	0.06914185
136	0	0.1143472
137	0	0.09289761
138	0	0.1426577
139	0	0.1400196
140	0	0.1101414
141	0	0.07784785
142	0	0.1084238
143	0	0.0979525
144	0	0.0866022
145	0	0.08675089
146	0	0.07982528
147	0	0.06084968
148	0	0.1184384
149	0	0.1041596
150	0	0.1563211
151	0	0.08878014
152	0	0.08718807
153	0	0.08951542
154	0	0.1146422
155	0	0.08392557
156	0	0.07725671
157	0	0.1193567
158	0	0.1375475
159	0	0.09029175
160	0	0.1070472
161	0	0.09006478
162	0	0.1475722
163	0	0.1168518
164	0	0.09852256
165	0	0.1439925
166	0	0.08331424
167	0	0.07847636
168	0	0.05894798
169	0	0.09278598
170	0	0.1409401
171	0	0.08269766
172	0	0.1414556
173	0	0.08390536
174	0	0.1380091
175	0	0.08288445
176	0	0.1060102
177	0	0.09990799
178	0	0.1846117
179	0	0.09662844
180	0	0.09516061
181	0	0.1751531
182	0	0.1090136
183	0	0.05226206
184	0	0.1411039
185	0	0.1731224
186	0	0.1237325
187	0	0.1082106
188	0	0.08031031
189	0	0.1020626
190	0	0.0809461
191	0	0.2100857
192	0	0.08966945
193	0	0.08428989
194	0	0.06363522
195	0	0.07743031
196	0	0.2469458
197	0	0.09909045
198	0	0.1242646
199	0	0.06857685
200	0	0.09068453
201	0	0.0844509
202	0	0.06508476
203	0	0.1329585
204	0	0.1112522
205	0	0.1682257
206	0	0.0857067
207	0	0.07586868
208	0	0.073382
209	0	0.100183
210	0	0.2015589
211	0	0.08802073
212	0	0.0638838
213	0	0.08338281
214	0	0.1140303
215	0	0.1278686
216	0	0.112673
217	0	0.1182645
218	0	0.09646457
219	0	0.1304138
220	0	0.1103445
221	0	0.1119261
222	0	0.08662201
223	0	0.1111591
224	0	0.2157684
225	0	0.08480506
226	0	0.1653418
227	0	0.1530064
228	0	0.0697386
229	0	0.09829507
230	0	0.08247422
231	0	0.1421095
232	0	0.1379624
233	0	0.07214268
234	0	0.1185257
235	0	0.09848607
236	0	0.1353211
237	0	0.1580406
238	0	0.1249075
239	0	0.1278619
240	0	0.1418674
241	0	0.09261575
242	0	0.1053161
243	0	0.2110792
244	0	0.06395166
245	0	0.1452443
246	0	0.1184826
247	0	0.1340439
248	0	0.09886102
249	0	0.09679567
250	0	0.1693221
251	0	0.1068767
252	0	0.06689724
253	0	0.07363261
254	0	0.1324887
255	0	0.07870688
256	0	0.03793897
257	0	0.07766357
258	0	0.1530607
259	0	0.1172334
260	0	0.1132975
261	0	0.105516
262	0	0.1210942
263	0	0.1281808
264	0	0.1235328
265	0	0.08840131
266	0	0.07879755
267	0	0.08261254
268	0	0.06425575
269	0	0.1071803
270	0	0.1475988
271	0	0.07713746
272	0	0.1267976
273	0	0.09087902
274	0	0.08537122
275	0	0.1246231
276	0	0.1057475
277	0	0.05251864
278	0	0.06652271
279	0	0.09474111
280	0	0.08268358
281	0	0.1076671
282	0	0.1066378
283	0	0.0873757
284	0	0.07317109
285	0	0.0920108
286	0	0.07245568
287	0	0.09750494
288	0	0.09875743
289	0	0.08144516
290	0	0.08695395
291	0	0.09496035
292	0	0.104246
293	0	0.09777867
294	0	0.1301324
295	0	0.1005253
296	0	0.1395575
297	0	0.08756437
298	0	0.1064376
299	0	0.07188385
300	0	0.1071941
301	0	0.07596216
302	0	0.103088
303	0	0.1287554
304	0	0.06407233
305	0	0.1124662
306	0	0.07739321
307	0	0.07619739
308	0	0.1226262
309	0	0.1398141
310	0	0.110449
311	0	0.08898967
312	0	0.071528
313	0	0.07752936
314	0	0.09596524
315	0	0.1085258
316	0	0.1871205
317	0	0.1869473
318	0	0.1373447
319	0	0.1080604
320	0	0.1179149
321	0	0.06394639
322	0	0.09262785
323	0	0.1289274
324	0	0.1119823
325	0	0.1428737
326	0	0.1196055
327	0	0.07304682
328	0	0.1216274
329	0	0.1258527
330	0	0.07865617
331	0	0.07542667
332	0	0.1320104
333	0	0.1144739
334	0	0.1217389
335	0	0.09634412
336	0	0.1440694
337	0	0.09383671
338	0	0.09652668
339	0	0.1041831
340	0	0.104639
341	0	0.1006762
342	0	0.1025448
343	0	0.120182
344	0	0.07866441
345	0	0.08741763
346	0	0.1120211
347	0	0.1039899
348	0	0.1807832
349	0	0.1024567
350	0	0.1028353
351	0	0.1208095
352	0	0.08298108
353	0	0.1303916
354	0	0.0750545
355	0	0.09349395
356	0	0.1058141
357	0	0.1222322
358	0	0.09327009
359	0	0.09147926
360	0	0.1021174
361	0	0.1075475
362	0	0.1334323
363	0	0.1158435
364	0	0.09513047
365	0	0.09667674
366	0	0.1176556
367	0	0.06121937
368	0	0.0726871
369	0	0.1432879
370	0	0.05410971
371	0	0.1063633
372	0	0.1186494
373	0	0.103889
374	0	0.0892028
375	0	0.183688
376	0	0.05803191
377	0	0.1818619
378	0	0.1147455
379	0	0.1538929
380	0	0.1087206
381	0	0.1113848
382	0	0.1635672
383	0	0.09564893
384	0	0.1168137
385	0	0.0941522
386	0	0.08053676
387	0	0.2078829
388	0	0.09308568
389	0	0.09045836
390	0	0.09893487
391	0	0.1237197
392	0	0.1205878
393	0	0.1170262
394	0	0.05969711
395	0	0.1264523
396	0	0.1299556
397	0	0.130295
398	0	0.1263454
399	0	0.1663323
400	0	0.07395875
401	0	0.114653
402	0	0.1745347
403	0	0.07778227
404	0	0.09048782
405	0	0.0893866
406	0	0.218052
407	0	0.114186
408	0	0.1205002
409	0	0.09153226
410	0	0.121904
411	0	0.08318672
412	0	0.08757166
413	0	0.119967
414	0	0.119725
415	0	0.09587535
416	0	0.1310723
417	0	0.08789153
418	0	0.08272298
419	0	0.1451842
420	0	0.1226943
421	0	0.08316001
422	0	0.09582895
423	0	0.09351973
424	0	0.08045836
425	0	0.07345542
426	0	0.09877519
427	0	0.07913972
428	0	0.09919444
429	0	0.1395737
430	0	0.07824971
431	0	0.06293282
432	0	0.09260245
433	0	0.06277157
434	0	0.1352286
435	0	0.0861595
436	0	0.1437251
437	0	0.117402
438	0	0.09337661
439	0	0.1078277
440	0	0.08184659
441	0	0.1541123
442	0	0.06926277
443	0	0.06869543
444	0	0.07917023
445	0	0.07210325
446	0	0.1322213
447	0	0.08433026
448	0	0.08469308
449	0	0.07323024
450	0	0.09693304
451	0	0.1474088
452	0	0.1370526
453	0	0.1064427
454	0	0.07252778
455	0	0.08874445
456	0	0.08801546
457	0	0.1333404
458	0	0.1169065
459	0	0.1188041
460	0	0.08996058
461	0	0.1072069
462	0	0.09501802
463	0	0.07704629
464	0	0.1387482
465	0	0.09132461
466	0	0.1350173
467	0	0.08538777
468	0	0.1198601
469	0	0.1736913
470	0	0.06040099
471	0	0.09801923
472	0	0.1444766
473	0	0.1555795
474	0	0.1161472
475	0	0.05847108
476	0	0.1263115
477	0	0.09941603
478	0	0.1872025
479	0	0.08111846
480	0	0.09527402
481	0	0.1090181
482	0	0.09953845
483	0	0.1067569
484	0	0.1988799
485	0	0.1033554
486	0	0.1434067
487	0	0.1184487
488	0	0.09294017
489	0	0.1309514
490	0	0.0870735
491	0	0.09471662
492	0	0.0868348
493	0	0.1437347
494	0	0.1367054
495	0	0.07327446
496	0	0.1104776
497	0	0.1249766
498	0	0.04906304
499	0	0.1234116
500	0	0.06393368
501	0	0.1264361
502	0	0.1036223
503	0	0.05200208
504	0	0.1180095
505	0	0.07077997
506	0	0.1339399
507	0	0.1028996
508	0	0.1050658
509	0	0.09234361
510	0	0.09239309
511	0	0.1414768
512	0	0.1288501
513	0	0.06252286
514	0	0.148545
515	0	0.1154655
516	0	0.1427906
517	0	0.1056428
518	0	0.1320259
519	0	0.1095715
520	0	0.06021651
521	0	0.1110292
522	0	0.08462951
523	0	0.1422869
524	0	0.0843978
525	0	0.1328875
526	0	0.1201048
527	0	0.09975231
528	0	0.1193704
529	0	0.09118713
530	0	0.08564907
531	0	0.1045477
532	0	0.06836677
533	0	0.09810942
534	0	0.1039093
535	0	0.1044893
536	0	0.1281127
537	0	0.08737234
538	0	0.1024969
539	0	0.09034607
540	0	0.1065797
541	0	0.1122883
542	0	0.1142656
543	0	0.06551457
544	0	0.07894735
545	0	0.1117821
546	0	0.1193503
547	0	0.1031689
548	0	0.09677731
549	0	0.0922545
550	0	0.1184858
551	0	0.08696923
552	0	0.2059146
553	0	0.1721784
554	0	0.08656922
555	0	0.08298197
556	0	0.08029491
557	0	0.1475383
558	0	0.1276484
559	0	0.102563
560	0	0.08684672
561	0	0.07930837
562	0	0.07656991
563	0	0.1537542
564	0	0.08380818
565	0	0.1048187
566	0	0.1236509
567	0	0.1127352
568	0	0.1270191
569	0	0.1338123
570	0	0.1280712
571	0	0.1483323
572	0	0.1065049
573	0	0
574	0	0.09830222
575	0	0.1029488
576	0	0.467796
577	0	0.1412641
578	0	0.09547906
579	0	0.07524568
580	0	0.09050126
581	0	0.1203375
582	0	0.09547323
583	0	0.1304301
584	0	0.1634911
585	0	0.09186415
586	0	0.06005851
587	0	0.0683699
588	0	0.155906
589	0	0.07561025
590	0	0.1116235
591	0	0.1268396
592	0	0.08628857
593	0	0.09493953
594	0	0.1185506
595	0	0.08602239
596	0	0.11424
597	0	0.1016337
598	0	0.07199175
599	0	0.1562388
600	0	0.09670591
601	0	0.1113713
602	0	0.1324189
603	0	0.07650279
604	0	0.09796824
605	0	0.1537827
606	0	0.1101986
607	0	0.06220294
608	0	0.1194723
609	0	0.1418576
610	0	0.07576492
611	0	0.0826251
612	0	0.1902488
613	0	0.0988279
614	0	0.1154689
615	0	0.07300154
616	0	0.1140305
617	0	0.1396648
618	0	0.06497696
619	0	0.08279352
620	0	0.1384078
621	0	0.0811888
622	0	0.1046578
623	0	0.121902
624	0	0.09227842
625	0	0.165346
626	0	0.1090279
627	0	0.151324
628	0	0.05887877
629	0	0.1265561
630	0	0.1037544
631	0	0.1588704
632	0	0.1374707
633	0	0.09375568
634	0	0.1255763
635	0	0.1061326
636	0	0.1314253
637	0	0.1020417
638	0	0.0899877
639	0	0.1001741
640	0	0.08746526
641	0	0.1242396
642	0	0.1150572
643	0	0.0690624
644	0	0.1026374
645	0	0.06188674
646	0	0.1053975
647	0	0.08377658
648	0	0.1240337
649	0	0.1083307
650	0	0.09543132
651	0	0.1346554
652	0	0.09343926
653	0	0.1344362
654	0	0.1045079
655	0	0.06085683
656	0	0.1136002
657	0	0.1673711
658	0	0.1003641
659	0	0.1149838
660	0	0.1153131
661	0	0.08810239
662	0	0.1203318
663	0	0.09303771
664	0	0.08496285
665	0	0.07524291
666	0	0.08428945
667	0	0.150287
668	0	0.07157099
669	0	0.09483392
670	0	0.06547425
671	0	0.08355001
672	0	0.1638311
673	0	0.11497
674	0	0.07018622
675	0	0.1420674
676	0	0.1358724
677	0	0.08033522
678	0	0.09804883
679	0	0.1232191
680	0	0.07230585
681	0	0.09710915
682	0	0.1205206
683	0	0.04824965
684	0	0.09352122
685	0	0.115065
686	0	0.07727897
687	0	0.09171334
688	0	0.07417528
689	0	0.1436433
690	0	0.07815235
691	0	0.07200647
692	0	0.1236166
693	0	0.1028266
694	0	0.05494985
695	0	0.08113683
696	0	0.103775
697	0	0.1114028
698	0	0.1100059
699	0	0.1072184
700	0	0.1026825
701	0	0.06704237
702	0	0.1425193
703	0	0.1232744
704	0	0.1586023
705	0	0
706	0	0.104785
707	0	0.1351155
708	0	0.1455152
709	0	0.06281497
710	0	0.2010152
711	0	0.07012067
712	0	0.1138897
713	0	0.07439142
714	0	0.1188324
715	0	0.1439836
716	0	0.09122498
717	0	0.06213048
718	0	0.07296304
719	0	0.1152578
720	0	0.07197849
721	0	0.0917517
722	0	0.1445915
723	0	0.1039883
724	0	0.08651694
725	0	0.1342335
726	0	0.1174904
727	0	0.08837771
728	0	0.1456381
729	0	0.1046276
730	0	0.07712045
731	0	0.1081401
732	0	0.1321467
733	0	0.0965483
734	0	0.08369923
735	0	0.1250158
736	0	0.1457311
737	0	0.093781
738	0	0.07000972
739	0	0.1591092
740	0	0.1397852
741	0	0.1039771
742	0	0.06024739
743	0	0.09206204
744	0	0.1134284
745	0	0.1295635
746	0	0.09874904
747	0	0.103868
748	0	0.08667164
749	0	0.05229177
750	0	0.1092078
751	0	0.06636308
752	0	0.1308785
753	0	0.1333395
754	0	0.08615579
755	0	0.08171697
756	0	0.1388121
757	0	0.08475948
758	0	0.1400257
759	0	0.08287709
760	0	0.08699246
761	0	0.09152397
762	0	0.06732941
763	0	0.09745231
764	0	0.1195253
765	0	0.07360876
766	0	0.08705994
767	0	0.1074316
768	0	0.1248535
769	0	0.1216723
770	0	0.1450454
771	0	0.1617387
772	0	0.1479924
773	0	0.1029608
774	0	0.1248732
775	0	0.09631731
776	0	0.1224052
777	0	0.1130486
778	0	0.1047265
779	0	0.1340129
780	0	0.08744591
781	0	0.149981
782	0	0.1501545
783	0	0.08113998
784	0	0.09938847
785	0	0.09775639
786	0	0.07398655
787	0	0.09631072
788	0	0.1210338
789	0	0.1408698
790	0	0.05861558
791	0	0.1537021
792	0	0.1156153
793	0	0.1100142
794	0	0.0999027
795	0	0.08724793
796	0	0.1054973
797	0	0.141135
798	0	0.09024327
799	0	0.08292823
800	0	0.1134698
801	0	0.1174011
802	0	0.1157798
803	0	0.07636882
804	0	0.1709179
805	0	0.1197519
806	0	0.155792
807	0	0.0965968
808	0	0.09200571
809	0	0.09663413
810	0	0.07757537
811	0	0.0732502
812	0	0.1136174
813	0	0.1241274
814	0	0.06047287
815	0	0.1395158
816	0	0.07879705
817	0	0.1238031
818	0	0.1217057
819	0	0.1787201
820	0	0.07126197
821	0	0.09359194
822	0	0.1176797
823	0	0.1513318
824	0	0.0788439
825	0	0.05354557
826	0	0.07516678
827	0	0.0972148
828	0	0.1163636
829	0	0.1606015
830	0	0.1162112
831	0	0.1459312
832	0	0.1188875
833	0	0.1631905
834	0	0.1104782
835	0	0.07785003
836	0	0.06078987
837	0	0.1179749
838	0	0.2015734
839	0	0.1387296
840	0	0.1584414
841	0	0.0735669
842	0	0.06440233
843	0	0.1202723
844	0	0.09084971
845	0	0.06946268
846	0	0.1106921
847	0	0.09655809
848	0	0.08345281
849	0	0.05264862
850	0	0.1071885
851	0	0.1431398
852	0	0.08272386
853	0	0.05772898
854	0	0.1130672
855	0	0.07284526
856	0	0.09004579
857	0	0.06581061
858	0	0.1416074
859	0	0.09434425
860	0	0.1027629
861	0	0.1419638
862	0	0.08010625
863	0	0.1212198
864	0	0.1247882
865	0	0.07452398
866	0	0.07479583
867	0	0.08367319
868	0	0.1183398
869	0	0.108033
870	0	0.1437548
871	0	0.06603716
872	0	0.1188188
873	0	0.1302733
874	0	0.1069635
875	0	0.07471295
876	0	0.08840873
877	0	0.07224463
878	0	0.1114495
879	0	0.1123001
880	0	0.130491
881	0	0.1564884
882	0	0.1106936
883	0	0.1156106
884	0	0.1288312
885	0	0.05882325
886	0	0.1156464
887	0	0.1183356
888	0	0.09118397
889	0	0.1473653
890	0	0.1098331
891	0	0.0936841
892	0	0.1167405
893	0	0.09232894
894	0	0.1085311
895	0	0.08403354
896	0	0.1188174
897	0	0.08831972
898	0	0.09534571
899	0	0.1013762
900	0	0.07567256
901	0	0.08410238
902	0	0.06659462
903	0	0.1148083
904	0	0.08263841
905	0	0.08580605
906	0	0.1384113
907	0	0.1243455
908	0	0.0911587
909	0	0.1304221
910	0	0.1489302
911	0	0.1576687
912	0	0.08909512
913	0	0.101881
914	0	0.1648158
915	0	0.1585173
916	0	0.1204069
917	0	0.05893148
918	0	0.1121093
919	0	0.06549608
920	0	0.06814027
921	0	0.1116008
922	0	0.08601166
923	0	0.1029741
924	0	0.1049999
925	0	0.0949572
926	0	0.08244111
927	0	0.1241181
928	0	0.1274248
929	0	0.1213314
930	0	0.1501577
931	0	0.08938444
932	0	0.08043577
933	0	0.125717
934	0	0.09326471
935	0	0.1341465
936	0	0.1538762
937	0	0.1744445
938	0	0.07965367
939	0	0.0823216
940	0	0.1062878
941	0	0.09306386
942	0	0.1227311
943	0	0.1273042
944	0	0.1005693
945	0	0.12445
946	0	0.1681096
947	0	0.08834922
948	0	0.07960301
949	0	0.1305822
950	0	0.06992948
951	0	0.09762231
952	0	0.1701861
953	0	0.1050655
954	0	0.1349581
955	0	0.1065903
956	0	0.153121
957	0	0.07741567
958	0	0.1136604
959	0	0.08294295
960	0	0.08489108
961	0	0.05561785
962	0	0.1001743
963	0	0.09308474
964	0	0.1022982
965	0	0.09325852
966	0	0.1608317
967	0	0.182443
968	0	0.07679878
969	0	0.1111071
970	0	0.1200312
971	0	0.09355728
972	0	0.1284156
973	0	0.07492101
974	0	0.13142
975	0	0.1906452
976	0	0.159815
977	0	0.05122709
978	0	0.1074227
979	0	0.1292145
980	0	0.1155218
981	0	0.1124363
982	0	0.1181134
983	0	0.1213463
984	0	0.1354658
985	0	0.1472777
986	0	0.08921833
987	0	0.09194202
988	0	0.0706572
989	0	0.1820508
990	0	0.07479846
991	0	0.1050095
992	0	0.09225569
993	0	0.08128007
994	0	0.09565936
995	0	0.1242222
996	0	0.06515961
997	0	0.1124846
998	0	0.1101606
999	0	0.1199861
1000	0	0.1256481
1001	0	0.1059495
1002	0	0.1178565
1003	0	0.09479293
1004	0	0.0532836
1005	0	0.07738093
1006	0	0.08734365
1007	0	0.1021696
1008	0	0.107255
1009	0	0.0971551
1010	0	0.08119942
1011	0	0.1078418
1012	0	0.0784195
1013	0	0.1089112
1014	0	0.1037708
1015	0	0.0778043
1016	0	0.1417279
1017	0	0.07744662
1018	0	0.1256849
1019	0	0.154865
1020	0	0.1588821
1021	0	0.09578792
1022	0	0.08882502
1023	0	0.1627754
1024	0	0.11898
1025	0	0.06506054
1026	0	0.1049166
1027	0	0.1072872
1028	0	0.1155933
1029	0	0.1342381
1030	0	0.09256183
1031	0	0.1437132
1032	0	0.075946
1033	0	0.1311822
1034	0	0.1439674
1035	0	0.06343096
1036	0	0.09545409
1037	0	0.07150063
1038	0	0.08202928
1039	0	0.0903624
1040	0	0.05828749
1041	0	0.06984377
1042	0	0.08130676
1043	0	0.1139174
1044	0	0.134471
1045	0	0.08526123
1046	0	0.1562035
1047	0	0.06118266
1048	0	0.1135305
1049	0	0.09961588
1050	0	0.1410529
1051	0	0.09906512
1052	0	0.09142631
1053	0	0.07577641
1054	0	0.1377105
1055	0	0.1084359
1056	0	0.07772774
1057	0	0.1104067
1058	0	0.09680992
1059	0	0.08327629
1060	0	0.1248433
1061	0	0.09003672
1062	0	0.1361331
1063	0	0.09360413
1064	0	0.09483788
1065	0	0.09391577
1066	0	0.122637
1067	0	0.08546366
1068	0	0.08100045
1069	0	0.1564112
1070	0	0.1012529
1071	0	0.1162812
1072	0	0.06705199
1073	0	0.1036846
1074	0	0.1027352
1075	0	0.1236221
1076	0	0.1042017
1077	0	0.07077451
1078	0	0.123321
1079	0	0.1056256
1080	0	0.1249493
1081	0	0.1110633
1082	0	0.1310087
1083	0	0.1125548
1084	0	0.1144383
1085	0	0.13956
1086	0	0.09030356
1087	0	0.1386127
1088	0	0.139102
1089	0	0.1032999
1090	0	0.1103776
1091	0	0.08254305
1092	0	0.08424941
1093	0	0.157193
1094	0	0.05099428
1095	0	0.09848171
1096	0	0.1602815
1097	0	0.1040234
1098	0	0.05134801
1099	0	0.1371677
1100	0	0.1406011
1101	0	0.131478
1102	0	0.1145188
1103	0	0.1057642
1104	0	0.07154053
1105	0	0.07370419
1106	0	0.1069132
1107	0	0.1515124
1108	0	0.1365487
1109	0	0.1290331
1110	0	0.08312676
1111	0	0.09811655
1112	0	0.1062559
1113	0	0.1272401
1114	0	0.106171
1115	0	0.1749849
1116	0	0.1025343
1117	0	0.09637179
1118	0	0.07752419
1119	0	0.08408251
1120	0	0.08503698
1121	0	0.0927181
1122	0	0.1224352
1123	0	0.099155
1124	0	0.04168862
1125	0	0.1271897
1126	0	0.09844127
1127	0	0.06683451
1128	0	0.1200937
1129	0	0.09097095
1130	0	0.07197668
1131	0	0.06217733
1132	0	0.1360557
1133	0	0.1567882
1134	0	0.09488314
1135	0	0.1223188
1136	0	0.1193956
1137	0	0.1006954
1138	0	0.05595633
1139	0	0.05645303
1140	0	0.08283583
1141	0	0.1649323
1142	0	0.0969088
1143	0	0.08364904
1144	0	0.04141847
1145	0	0.08385322
1146	0	0.08042134
1147	0	0.1560862
1148	0	0.1260788
1149	0	0.1121115
1150	0	0.138796
1151	0	0.1820619
1152	0	0.06449354
1153	0	0.05975126
1154	0	0.0983641
1155	0	0.06676231
1156	0	0.1491363
1157	0	0.1009315
1158	0	0.1643483
1159	0	0.1860919
1160	0	0.1000854
1161	0	0.0958465
1162	0	0.1007257
1163	0	0.1028395
1164	0	0.1353434
1165	0	0.08991997
1166	0	0.1240956
1167	0	0.1388728
1168	0	0.08352481
1169	0	0.07792325
1170	0	0.06927477
1171	0	0.06632945
1172	0	0.0747758
1173	0	0.09900863
1174	0	0.0865989
1175	0	0.07162682
1176	0	0.09213194
1177	0	0.09745582
1178	0	0.2505463
1179	0	0.0763998
1180	0	0.1406733
1181	0	0.1107167
1182	0	0.06472764
1183	0	0.1238756
1184	0	0.1772323
1185	0	0.1156434
1186	0	0.1777375
1187	0	0.1257229
1188	0	0.07514271
1189	0	0.08509002
1190	0	0.1436244
1191	0	0.08583897
1192	0	0.1275159
1193	0	0.106159
1194	0	0.1258274
1195	0	0.09830686
1196	0	0.08752713
1197	0	0.09321706
1198	0	0.1284342
1199	0	0.08102474
1200	0	0.1340803
1201	0	0.07821819
1202	0	0.1212767
1203	0	0.04883018
1204	0	0.09543806
1205	0	0.05590809
1206	0	0.06705249
1207	0	0.06014104
1208	0	0.1025326
1209	0	0.06946436
1210	0	0.0883528
1211	0	0.06667342
1212	0	0.1110075
1213	0	0.1222844
1214	0	0.124904
1215	0	0.1087639
1216	0	0.1575401
1217	0	0.1036084
1218	0	0.1298418
1219	0	0.1163583
1220	0	0.07263631
1221	0	0.1162612
1222	0	0.09476921
1223	0	0.0868091
1224	0	0.119309
1225	0	0.09766255
1226	0	0
1227	0	0.09471823
1228	0	0.1052551
1229	0	0.09023414
1230	0	0.2262925
1231	0	0.1245808
1232	0	0.09529608
1233	0	0.09235922
1234	0	0.1033223
1235	0	0.1096071
1236	0	0.08462435
1237	0	0.0856138
1238	0	0.1109124
1239	0	0.1403126
1240	0	0.1066332
1241	0	0.1302027
1242	0	0.1478423
1243	0	0.08930956
1244	0	0.1093715
1245	0	0.06494101
1246	0	0.1070361
1247	0	0.1093937
1248	0	0.07906038
1249	0	0.113427
1250	0	0.09734681
1251	0	0.1144508
1252	0	0.1648715
1253	0	0.1048851
1254	0	0.1456782
1255	0	0.1026192
1256	0	0.06908787
1257	0	0.1486363
1258	0	0.1153731
1259	0	0.06292957
1260	0	0.1313577
1261	0	0.08290032
1262	0	0.05019306
1263	0	0.09515844
1264	0	0.08598482
1265	0	0.1641447
1266	0	0.05433548
1267	0	0.08022869
1268	0	0.100544
1269	0	0.07322778
1270	0	0.07019036
1271	0	0.1034395
1272	0	0
1273	0	0.1250391
1274	0	0.1087067
1275	0	0.1104341
1276	0	0.09475835
1277	0	0.09376764
1278	0	0.1196462
1279	0	0.1325924
1280	0	0.05315515
1281	0	0.09857374
1282	0	0.07248052
1283	0	0.08143403
1284	0	0.07665573
1285	0	0.1125292
1286	0	0.08615105
1287	0	0.07307901
1288	0	0.07773668
1289	0	0.1100748
1290	0	0.1429034
1291	0	0.1534986
1292	0	0.07575884
1293	0	0.09651177
1294	0	0.08787501
1295	0	0.1215613
1296	0	0.1392407
1297	0	0.1372339
1298	0	0.05621615
1299	0	0.09852672
1300	0	0.1306444
1301	0	0.07625206
1302	0	0.1402562
1303	0	0.1381178
1304	0	0.08730208
1305	0	0.1931453
1306	0	0.1937383
1307	0	0.1653641
1308	0	0.06602996
1309	0	0.1237746
1310	0	0.1807019
1311	0	0.1201469
1312	0	0.09405188
1313	0	0.2040326
1314	0	0.101092
1315	0	0.09180949
1316	0	0.0911195
1317	0	0.07024924
1318	0	0.08027132
1319	0	0.1414941
1320	0	0.04643955
1321	0	0.1223487
1322	0	0.1073422
1323	0	0.1333359
1324	0	0.1328916
1325	0	0.07893725
1326	0	0.08943648
1327	0	0.06937642
1328	0	0.1229782
1329	0	0.05510437
1330	0	0.1258571
1331	0	0.08768638
1332	0	0.09538089
1333	0	0.0756472
1334	0	0.1766044
1335	0	0.07343912
1336	0	0.1762001
1337	0	0.09457902
1338	0	0.08455158
1339	0	0.06704408
1340	0	0.1559699
1341	0	0.1424434
1342	0	0.08278502
1343	0	0.103443
1344	0	0.1127994
1345	0	0.1614777
1346	0	0.08352914
1347	0	0.06421947
1348	0	0.1874388
1349	0	0.1047179
1350	0	0.109586
1351	0	0.1442499
1352	0	0.1666183
1353	0	0.08966246
1354	0	0.1028946
1355	0	0.09279941
1356	0	0.1726964
1357	0	0.1633309
1358	0	0.08576109
1359	0	0.08352293
1360	0	0.0971299
1361	0	0.09508062
1362	0	0.114617
1363	0	0.1032419
1364	0	0.1344773
1365	0	0.1125005
1366	0	0.158304
1367	0	0.1000429
1368	0	0.09211725
1369	0	0.241797
1370	0	0.1950391
1371	0	0.1155573
1372	0	0.1117566
1373	0	0.1147694
1374	0	0.09065821
1375	0	0.1163102
1376	0	0.0978175
1377	0	0.118876
1378	0	0.1205281
1379	0	0.08817463
1380	0	0.1336718
1381	0	0.06388029
1382	0	0.09032273
1383	0	0.06348634
1384	0	0.1287336
1385	0	0.09172351
1386	0	0.06536145
1387	0	0.1177048
1388	0	0.0742039
1389	0	0.08159941
1390	0	0.1481742
1391	0	0.1123761
1392	0	0.1187396
1393	0	0.08549654
1394	0	0.09771379
1395	0	0.06373088
1396	0	0.08065628
1397	0	0.1228846
1398	0	0.1287212
1399	0	0.08292362
1400	0	0.1188165
1401	0	0.106397
1402	0	0.08890469
1403	0	0.1326624
1404	0	0.1066023
1405	0	0.09804152
1406	0	0.06660716
1407	0	0.08757841
1408	0	0.1086987
1409	0	0.08535824
1410	0	0.08691918
1411	0	0.1081902
1412	0	0.08468584
1413	0	0.0782573
1414	0	0.08359051
1415	0	0.1090439
1416	0	0.07551883
1417	0	0.3203441
1418	0	0.1113047
1419	0	0.09374627
1420	0	0.07411437
1421	0	0.0962753
1422	0	0.1014563
1423	0	0.1243449
1424	0	0.1014608
1425	0	0.1759979
1426	0	0.1170714
1427	0	0.1124875
1428	0	0.08534892
1429	0	0.1614451
1430	0	0.1591982
1431	0	0.08157099
1432	0	0.08871422
1433	0	0.07274616
1434	0	0.09502243
1435	0	0.1588539
1436	0	0.06734437
1437	0	0.100886
1438	0	0.09154122
1439	0	0.09736748
1440	0	0.1327124
1441	0	0.1074769
1442	0	0.09673145
1443	0	0.1282983
1444	0	0.08209116
1445	0	0.1089683
1446	0	0.06076441
1447	0	0.07413739
1448	0	0.09985561
1449	0	0.07113018
1450	0	0.09667711
1451	0	0.1692776
1452	0	0.1131445
1453	0	0.1383596
1454	0	0.1045069
1455	0	0.08666825
1456	0	0.08581805
1457	0	0.09226769
1458	0	0.05007484
1459	0	0.1436952
1460	0	0.1096204
1461	0	0.08976959
1462	0	0.0715437
1463	0	0.1685701
1464	0	0.1187444
1465	0	0.05992355
1466	0	0.07685367
1467	0	0.1608492
1468	0	0.09765291
1469	0	0.1265036
1470	0	0.1116844
1471	0	0.07551889
1472	0	0.1267752
1473	0	0.1746677
1474	0	0.1088581
1475	0	0.07397933
1476	0	0.08320319
1477	0	0.1284733
1478	0	0.118092
1479	0	0.1121742
1480	0	0.1164147
1481	0	0.08442701
1482	0	0.1758908
1483	0	0.1200851
1484	0	0.1044771
1485	0	0.08492129
1486	0	0.108327
1487	0	0.1205606
1488	0	0.09166113
1489	0	0.07705775
1490	0	0.1004105
1491	0	0.09418413
1492	0	0.08902341
1493	0	0.08892422
1494	0	0.1054352
1495	0	0.1020764
1496	0	0.09988104
1497	0	0.1090981
1498	0	0.0713364
1499	0	0.09335805
1500	0	0.1082748
1501	0	0.1125067
1502	0	0.09358406
1503	0	0.0650624
1504	0	0.0922923
1505	0	0.1305864
1506	0	0.1511169
1507	0	0.1450716
1508	0	0.1485049
1509	0	0.08308691
1510	0	0.1430859
1511	0	0.1362886
1512	0	0.1240672
1513	0	0.1040866
1514	0	0.09678069
1515	0	0.09901676
1516	0	0.1453835
1517	0	0.1362347
1518	0	0.1418879
1519	0	0.06605971
1520	0	0.08311709
1521	0	0.07298604
1522	0	0.1102151
1523	0	0.08729614
1524	0	0.1165985
1525	0	0.07228745
1526	0	0.1048974
1527	0	0.1222853
1528	0	0.06554665
1529	0	0.0917358
1530	0	0.1335402
1531	0	0.1394151
1532	0	0.08786659
1533	0	0.09577847
1534	0	0.08570626
1535	0	0.04942746
1536	0	0.05838908
1537	0	0.1556401
1538	0	0.104078
1539	0	0.08755103
1540	0	0.1084737
1541	0	0.09198143
1542	0	0.07775905
1543	0	0.08181351
1544	0	0.1125521
1545	0	0.06803809
1546	0	0.08490708
1547	0	0.1067728
1548	0	0.0772369
1549	0	0.06701303
1550	0	0.09893252
1551	0	0.12629
1552	0	0.1454402
1553	0	0.1076712
1554	0	0.09545738
1555	0	0.0494676
1556	0	0.1061089
1557	0	0.1535889
1558	0	0.1208616
1559	0	0.09721281
1560	0	0.1398675
1561	0	0.09365541
1562	0	0.09256003
1563	0	0.1443026
1564	0	0.1090921
1565	0	0.122084
1566	0	0.146463
1567	0	0.05798372
1568	0	0.09112431
1569	0	0.1119235
1570	0	0.09145591
1571	0	0.1067422
1572	0	0.1461028
1573	0	0.09358625
1574	0	0.105914
1575	0	0.1135716
1576	0	0.09538481
1577	0	0.09413847
1578	0	0.1798205
1579	0	0.08888352
1580	0	0.1791815
1581	0	0.09520428
1582	0	0.08731337
1583	0	0.1192846
1584	0	0.08477148
1585	0	0.1029338
1586	0	0.08199766
1587	0	0.1016057
1588	0	0.106037
1589	0	0.09319135
1590	0	0.1531316
1591	0	0.1667258
1592	0	0.09769069
1593	0	0.1096369
1594	0	0.1279298
1595	0	0.06055021
1596	0	0.1366013
1597	0	0.1028574
1598	0	0.1533238
1599	0	0.1297492
1600	0	0.1484943
1601	0	0.08381401
1602	0	0.1111855
1603	0	0.1403437
1604	0	0.06951966
1605	0	0.1211356
1606	0	0.1560784
1607	0	0.1377296
1608	0	0.135757
1609	0	0.1204289
1610	0	0.05807353
1611	0	0.08690038
1612	0	0.0908886
1613	0	0.07445551
1614	0	0.09536425
1615	0	0.09399061
1616	0	0.1205648
1617	0	0.1203562
1618	0	0.07181798
1619	0	0.1058266
1620	0	0.1028309
1621	0	0.08742344
1622	0	0.1143777
1623	0	0.08768007
1624	0	0.1169764
1625	0	0.07765024
1626	0	0.0879325
1627	0	0.1356506
1628	0	0.1115243
1629	0	0.09684789
1630	0	0.1246347
1631	0	0.1187875
1632	0	0.07053957
1633	0	0.1246807
1634	0	0.112967
1635	0	0.1430009
1636	0	0.07096542
1637	0	0.1132233
1638	0	0.1079869
1639	0	0.0759147
1640	0	0.1530588
1641	0	0.07992717
1642	0	0.1502636
1643	0	0.07928365
1644	0	0.1274923
1645	0	0.1073741
1646	0	0.1336953
1647	0	0.09482969
1648	0	0.08904735
1649	0	0.1041417
1650	0	0.09779167
1651	0	0.08987536
1652	0	0.1335138
1653	0	0.1287302
1654	0	0.09567529
1655	0	0.1091119
1656	0	0.09522332
1657	0	0.1302801
1658	0	0.1250194
1659	0	0.09257382
1660	0	0.2047202
1661	0	0.1234809
1662	0	0.1265389
1663	0	0.09259997
1664	0	0.1227287
1665	0	0.1339557
1666	0	0.1401793
1667	0	0.07751265
1668	0	0.1318893
1669	0	0.07030712
1670	0	0.08251942
1671	0	0.1076535
1672	0	0.07513611
1673	0	0.1638162
1674	0	0.1081202
1675	0	0.1201432
1676	0	0.1300858
1677	0	0.1021937
1678	0	0.08549435
1679	0	0.05543419
1680	0	0.08162046
1681	0	0.09195377
1682	0	0.06616469
1683	0	0.07932888
1684	0	0.1160178
1685	0	0.2054794
1686	0	0.08563154
1687	0	0.1211862
1688	0	0.1500577
1689	0	0.1477871
1690	0	0.09026876
1691	0	0.07415576
1692	0	0.1232575
1693	0	0.06759383
1694	0	0.100853
1695	0	0.1488867
1696	0	0.0512403
1697	0	0.1257971
1698	0	0.148943
1699	0	0.07838895
1700	0	0.07058249
1701	0	0.1027787
1702	0	0.1143399
1703	0	0.1598333
1704	0	0.1519617
1705	0	0.07675422
1706	0	0.1126929
1707	0	0.06078388
1708	0	0.08861431
1709	0	0.09464713
1710	0	0.1286061
1711	0	0.1129478
1712	0	0.1269325
1713	0	0.130108
1714	0	0.136093
1715	0	0.08952832
1716	0	0.138356
1717	0	0.08440493
1718	0	0.113125
1719	0	0.1074081
1720	0	0.07721316
1721	0	0.1117169
1722	0	0.09594516
1723	0	0.100252
1724	0	0.06780434
1725	0	0.06511655
1726	0	0.09243665
1727	0	0.1117838
1728	0	0.07179926
1729	0	0.08185744
1730	0	0.07412189
1731	0	0.08164311
1732	0	0.1533977
1733	0	0.1427188
1734	0	0.06323267
1735	0	0.105054
1736	0	0.08395707
1737	0	0.1454948
1738	0	0.09685155
1739	0	0.1303321
1740	0	0.09870061
1741	0	0.09476086
1742	0	0.1297251
1743	0	0.1278952
1744	0	0.1212617
1745	0	0.1266013
1746	0	0.09664787
1747	0	0.1491714
1748	0	0.1151518
1749	0	0.08463173
1750	0	0.08969045
1751	0	0.09015751
1752	0	0.09909713
1753	0	0.08253624
1754	0	0.09188744
1755	0	0.06932899
1756	0	0.1300824
1757	0	0.1247483
1758	0	0.08373526
1759	0	0.1027084
1760	0	0.1721169
1761	0	0.09773977
1762	0	0.1093668
1763	0	0.1163509
1764	0	0.1107128
1765	0	0.1506726
1766	0	0.1398012
1767	0	0.06532285
1768	0	0.1030451
1769	0	0.1075446
1770	0	0.1456464
1771	0	0.1066022
1772	0	0.06278978
1773	0	0.113166
1774	0	0.1222152
1775	0	0.1423525
1776	0	0.08683223
1777	0	0.09506237
1778	0	0.1370363
1779	0	0.1096241
1780	0	0.1369724
1781	0	0.08336648
1782	0	0.1076597
1783	0	0.1017925
1784	0	0.07080914
1785	0	0.08756682
1786	0	0.1118268
1787	0	0.06833135
1788	0	0.08628105
1789	0	0.0871857
1790	0	0.1300797
1791	0	0.08840248
1792	0	0.09888781
1793	0	0.1139111
1794	0	0.08968659
1795	0	0.1660542
1796	0	0.1018074
1797	0	0.07270676
1798	0	0.06982762
1799	0	0.07625747
1800	0	0.06671248
1801	0	0.06473711
1802	0	0.06517817
1803	0	0.09735032
1804	0	0.1129222
1805	0	0.09309418
1806	0	0.1051517
1807	0	0.08816662
1808	0	0.107358
1809	0	0.1326965
1810	0	0.08695009
1811	0	0.08909313
1812	0	0.1213184
1813	0	0.08517445
1814	0	0.1439043
1815	0	0.05609088
1816	0	0.07440288
1817	0	0.1093728
1818	0	0.09710746
1819	0	0.07197279
1820	0	0.1063104
1821	0	0.09410454
1822	0	0.1242388
1823	0	0.210584
1824	0	0.2108046
1825	0	0.06135293
1826	0	0.0840582
1827	0	0.07759463
1828	0	0.1633752
1829	0	0.1703339
1830	0	0.1302685
1831	0	0.1026375
1832	0	0.1420126
1833	0	0.07230528
1834	0	0.0762815
1835	0	0.1444216
1836	0	0.1257728
1837	0	0.1304059
1838	0	0.15077
1839	0	0.1281519
1840	0	0.1006718
1841	0	0.1185606
1842	0	0.07054032
1843	0	0.08410167
1844	0	0.08890698
1845	0	0.08073755
1846	0	0.134095
1847	0	0.117536
1848	0	0.05866785
1849	0	0.07019933
1850	0	0.08263363
1851	0	0.1289766
1852	0	0.1008694
1853	0	0.07725653
1854	0	0.0909181
1855	0	0.1055925
1856	0	0.1053234
1857	0	0.08876383
1858	0	0.06412283
1859	0	0.1145811
1860	0	0.1493558
1861	0	0.1178544
1862	0	0.09115164
1863	0	0.1535502
1864	0	0.1176306
1865	0	0.1060502
1866	0	0.1246731
1867	0	0.08313257
1868	0	0.1065793
1869	0	0.06878497
1870	0	0.1149873
1871	0	0.1657452
1872	0	0.1076847
1873	0	0.09927893
1874	0	0.1298961
1875	0	0.08981361
1876	0	0.1179412
1877	0	0.094729
1878	0	0.140672
1879	0	0.06578428
1880	0	0.1116052
1881	0	0.1120029
1882	0	0.1081978
1883	0	0.1680468
1884	0	0.09209638
1885	0	0.1106286
1886	0	0.06293025
1887	0	0.07299297
1888	0	0.141153
1889	0	0.1258508
1890	0	0.08106481
1891	0	0.07883538
1892	0	0.1101679
1893	0	0.1106569
1894	0	0.06813827
1895	0	0.08585946
1896	0	0.1276225
1897	0	0.09038135
1898	0	0.1320723
1899	0	0.115438
1900	0	0.1262984
1901	0	0.1070135
1902	0	0.1035696
1903	0	0.1456679
1904	0	0.1232888
1905	0	0.110306
1906	0	0.1264075
1907	0	0.1072188
1908	0	0.1134521
1909	0	0.1221055
1910	0	0.1227621
1911	0	0.1136598
1912	0	0.1041275
1913	0	0.1369362
1914	0	0.09450215
1915	0	0.1149463
1916	0	0.1175936
1917	0	0.09560156
1918	0	0.1059512
1919	0	0.09133246
1920	0	0.1132654
1921	0	0.1086196
1922	0	0.1764699
1923	0	0.09190121
1924	0	0.1024818
1925	0	0.09202739
1926	0	0.1497981
1927	0	0.1374001
1928	0	0.122857
1929	0	0.1241316
1930	0	0.2099897
1931	0	0.1252037
1932	0	0.1303688
1933	0	0.1477937
1934	0	0.09867811
1935	0	0.08922055
1936	0	0.08361539
1937	0	0.08173848
1938	0	0.1528573
1939	0	0.1504118
1940	0	0.1999386
1941	0	0.1099858
1942	0	0.07736794
1943	0	0.06686646
1944	0	0.06303433
1945	0	0.0810673
1946	0	0.1477412
1947	0	0.1172684
1948	0	0.04718668
1949	0	0.07692562
1950	0	0.1103474
1951	0	0.09377424
1952	0	0.09352297
1953	0	0.2877696
1954	0	0.1474878
1955	0	0.1032086
1956	0	0.09621953
1957	0	0.1127874
1958	0	0.1005702
1959	0	0.07803136
1960	0	0.05943681
1961	0	0.07483949
1962	0	0.1089347
1963	0	0.09780487
1964	0	0.1189911
1965	0	0.1233949
1966	0	0.09001208
1967	0	0.09480974
1968	0	0.1022113
1969	0	0.1293031
1970	0	0.1114583
1971	0	0.08134466
1972	0	0.1212127
1973	0	0.07675463
1974	0	0.06899359
1975	0	0.1395325
1976	0	0.1329148
1977	0	0.1108121
1978	0	0.07419597
1979	0	0.1602066
1980	0	0.1575311
1981	0	0.07730209
1982	0	0.1019676
1983	0	0.1406369
1984	0	0.09993065
1985	0	0.1305595
1986	0	0.09600771
1987	0	0.09309115
1988	0	0.1038311
1989	0	0.1077553
1990	0	0.08332889
1991	0	0.1182919
1992	0	0.1136932
1993	0	0.1021014
1994	0	0.1392273
1995	0	0.08582652
1996	0	0.1023246
1997	0	0.1295583
1998	0	0.08852378
1999	0	0.1025156
2000	0	0.1470015
2001	0	0.07679223
2002	0	0.1220018
2003	0	0.08921546
2004	0	0.07933845
2005	0	0.1619694
2006	0	0.05187484
2007	0	0.1222561
2008	0	0.1014463
2009	0	0.1096948
2010	0	0.153471
2011	0	0.15361
2012	0	0.1209075
2013	0	0.08432094
2014	0	0
2015	0	0.1109438
2016	0	0.1022982
2017	0	0.1127088
2018	0	0.1168301
2019	0	0.08238474
2020	0	0.1365095
2021	0	0.1928574
2022	0	0.09111111
2023	0	0.111576
2024	0	0.1106856
2025	0	0.08380691
2026	0	0.1269321
2027	0	0.08798549
2028	0	0.05930738
2029	0	0.07946182
2030	0	0.1063277
2031	0	0.099993
2032	0	0.07505479
2033	0	0.132262
2034	0	0.119524
2035	0	0.07089318
2036	0	0.08146288
2037	0	0.1148785
2038	0	0.1278924
2039	0	0.07663546
2040	0	0.0663467
2041	0	0.1349866
2042	0	0.1704014
2043	0	0.1131884
2044	0	0.09993984
2045	0	0.08049028
2046	0	0.07254747
2047	0	0.07789005
2048	0	0.0897067
2049	0	0.08603106
2050	0	0.09128185
2051	0	0.1460625
2052	0	0.0998992
2053	0	0.09591167
2054	0	0.0723952
2055	0	0.117075
2056	0	0.1316995
2057	0	0.0812161
2058	0	0.07959059
2059	0	0.09605881
2060	0	0.09801202
2061	0	0.101027
2062	0	0.1078325
2063	0	0.102215
2064	0	0.09069496
2065	0	0.1396943
2066	0	0.1546612
2067	0	0.09352455
2068	0	0.1260152
2069	0	0.07763191
2070	0	0.1235871
2071	0	0.127495
2072	0	0.1158636
2073	0	0.07375018
2074	0	0.0863461
2075	0	0.09388059
2076	0	0.08885855
2077	0	0.09813282
2078	0	0.08149136
2079	0	0.05468892
2080	0	0.08305717
2081	0	0.1205109
2082	0	0.1109473
2083	0	0.104675
2084	0	0.1371439
2085	0	0.0938309
2086	0	0.06333327
2087	0	0.08069221
2088	0	0.1132478
2089	0	0.2156612
2090	0	0.08186434
2091	0	0.1284805
2092	0	0.1296315
2093	0	0.08412941
2094	0	0.1240097
2095	0	0.06856435
2096	0	0.1110215
2097	0	0.09176037
2098	0	0.1158191
2099	0	0.1084428
2100	0	0.1261512
2101	0	0.1668538
2102	0	0.1164654
2103	0	0.07609707
2104	0	0.1134455
2105	0	0.1021468
2106	0	0.1385665
2107	0	0.1211552
2108	0	0.11489
2109	0	0.14169
2110	0	0.1057432
2111	0	0.08915222
2112	0	0.2022803
2113	0	0.0918164
2114	0	0.1313607
2115	0	0.1791491
2116	0	0.1310457
2117	0	0.07078378
2118	0	0.1352272
2119	0	0.1236485
2120	0	0.10863
2121	0	0.1255861
2122	0	0.09121881
2123	0	0.115899
2124	0	0.125586
2125	0	0.1177524
2126	0	0.08909384
2127	0	0.07539318
2128	0	0.1156117
2129	0	0.1251857
2130	0	0.07381348
2131	0	0.0657588
2132	0	0.09225714
2133	0	0.1365547
2134	0	0.08484952
2135	0	0.1501196
2136	0	0.149361
2137	0	0.06891029
2138	0	0.1380152
2139	0	0.1152673
2140	0	0.1169911
2141	0	0.1267217
2142	0	0.07904302
2143	0	0.09167113
2144	0	0.1845765
2145	0	0.1519362
2146	0	0.08751563
2147	0	0.09100771
2148	0	0.1050968
2149	0	0.1471179
2150	0	0.07042179
2151	0	0.1347307
2152	0	0.0956935
2153	0	0.133679
2154	0	0.08360917
2155	0	0.07826288
2156	0	0.0853769
2157	0	0.07487838
2158	0	0.12519
2159	0	0.1686156
2160	0	0.09040725
2161	0	0.1848673
2162	0	0.2000746
2163	0	0.1478907
2164	0	0.06309626
2165	0	0.1079003
2166	0	0.1580089
2167	0	0.1379309
2168	0	0.1284557
2169	0	0.1011103
2170	0	0.08356013
2171	0	0.07496168
2172	0	0.141905
2173	0	0.1267391
2174	0	0.08823252
2175	0	0.1096628
2176	0	0.1360262
2177	0	0.1124275
2178	0	0.06637611
2179	0	0.08654382
2180	0	0.08009124
2181	0	0.1909602
2182	0	0.07316066
2183	0	0.1235286
2184	0	0.1114681
2185	0	0.07866379
2186	0	0.108114
2187	0	0.162601
2188	0	0.1117042
2189	0	0.1441437
2190	0	0.2176728
2191	0	0.06540214
2192	0	0.09780745
2193	0	0.1070569
2194	0	0.07856348
2195	0	0.1255487
2196	0	0.07410832
2197	0	0.05978762
2198	0	0.1200976
2199	0	0.09396536
2200	0	0.1112507
2201	0	0.1109539
2202	0	0.09736197
2203	0	0.09174556
2204	0	0.08534907
2205	0	0.1049509
2206	0	0.08799207
2207	0	0.1094468
2208	0	0.1381419
2209	0	0.0938405
2210	0	0.0871257
2211	0	0.1150316
2212	0	0.07004537
2213	0	0.1053298
2214	0	0.1010435
2215	0	0.1082138
2216	0	0.1524299
2217	0	0.1119785
2218	0	0.154183
2219	0	0.09236024
2220	0	0.1218761
2221	0	0.09467492
2222	0	0.05961732
2223	0	0.1116413
2224	0	0.1760076
2225	0	0.1050839
2226	0	0.06896614
2227	0	0.07212202
2228	0	0.1051998
2229	0	0.1568528
2230	0	0.07468633
2231	0	0.1770586
2232	0	0.06201793
2233	0	0.07861431
2234	0	0.1535408
2235	0	0.07565304
2236	0	0.07194472
2237	0	0.06787926
2238	0	0.1795194
2239	0	0.1407602
2240	0	0.1400044
2241	0	0.07503959
2242	0	0.09677816
2243	0	0.1036595
2244	0	0.09075579
2245	0	0.1261922
2246	0	0.08696908
2247	0	0.1045412
2248	0	0.1508812
2249	0	0.08304068
2250	0	0.07838176
2251	0	0.08570603
2252	0	0.2066579
2253	0	0.07802515
2254	0	0.0999684
2255	0	0.1257485
2256	0	0.1806314
2257	0	0.1779294
2258	0	0.1198001
2259	0	0.145171
2260	0	0.1356898
2261	0	0.08981401
2262	0	0.1219573
2263	0	0.148505
2264	0	0.117604
2265	0	0.06439918
2266	0	0.1128169
2267	0	0.1119224
2268	0	0.08136134
2269	0	0.0962791
2270	0	0.1217348
2271	0	0.1424121
2272	0	0.09764643
2273	0	0.1331143
2274	0	0.07849577
2275	0	0.0876028
2276	0	0.1366017
2277	0	0.1217269
2278	0	0.0887376
2279	0	0.09398956
2280	0	0.1021903
2281	0	0.1235767
2282	0	0.1008718
2283	0	0.128021
2284	0	0.1656177
2285	0	0.09783405
2286	0	0.1038111
2287	0	0.0985511
2288	0	0.1061969
2289	0	0.08552623
2290	0	0.09848142
2291	0	0.1055709
2292	0	0.08829445
2293	0	0.07040692
2294	0	0.1224267
2295	0	0.09611577
2296	0	0.1295334
2297	0	0.09416045
2298	0	0.1003043
2299	0	0.08536313
2300	0	0.08707904
2301	0	0.179268
2302	0	0.1210791
2303	0	0.07517469
2304	0	0.09425755
2305	0	0.09692138
2306	0	0.09239651
2307	0	0.1059714
2308	0	0.09090355
2309	0	0.1339835
2310	0	0.1112116
2311	0	0.1023541
2312	0	0.07048284
2313	0	0.1075911
2314	0	0.07792234
2315	0	0.08316506
2316	0	0.1040218
2317	0	0.1039042
2318	0	0.08251138
2319	0	0.07826373
2320	0	0.09353977
2321	0	0.08097264
2322	0	0.07450582
2323	0	0.08206771
2324	0	0.07805024
2325	0	0.07345472
2326	0	0.06280709
2327	0	0.07621295
2328	0	0.07746498
2329	0	0.1965854
2330	0	0.1053479
2331	0	0.06014864
2332	0	0.09850878
2333	0	0.1278143
2334	0	0.09078694
2335	0	0.1046772
2336	0	0.08298053
2337	0	0.1447167
2338	0	0.07048021
2339	0	0.09798532
2340	0	0.1501321
2341	0	0.1232728
2342	0	0.06991354
2343	0	0.1031188
2344	0	0.1033805
2345	0	0.1280706
2346	0	0.1043206
2347	0	0.09877265
2348	0	0.08573271
2349	0	0.1196938
2350	0	0.1499853
2351	0	0.09012646
2352	0	0.06398628
2353	0	0.06425455
2354	0	0.1296826
2355	0	0.1018823
2356	0	0.1665963
2357	0	21.82662
2358	0	0.1089431
2359	0	0.1050741
2360	0	0.09857646
2361	0	0.1251086
2362	0	0.1184771
2363	0	0.08374663
2364	0	0.09102817
2365	0	0.0769229
2366	0	0.09294458
2367	0	0.1303151
2368	0	0.1444867
2369	0	0.05840835
2370	0	0.1144564
2371	0	0.1543694
2372	0	0.1033889
2373	0	0.1817116
2374	0	0.08287174
2375	0	0.07317275
2376	0	0.1546152
2377	0	0.1100613
2378	0	0.137177
2379	0	0.1429406
2380	0	0.1196201
2381	0	0.1368261
2382	0	0.0476912
2383	0	0.1151926
2384	0	0.1230241
2385	0	0.08845354
2386	0	0.08774655
2387	0	0.106771
2388	0	0.1235019
2389	0	0.06128382
2390	0	0.09877246
2391	0	0.1366253
2392	0	0.07837568
2393	0	0.05647576
2394	0	0.08211482
2395	0	0.09141035
2396	0	0.09294397
2397	0	0.0838573
2398	0	0.1305244
2399	0	0.1511152
2400	0	0.1321424
2401	0	0.09254255
2402	0	0.1299532
2403	0	0.07018499
2404	0	0.1363697
2405	0	0.1043627
2406	0	0.06514183
2407	0	0.1097273
2408	0	0.1086454
2409	0	0.1085457
2410	0	0.09078793
2411	0	0.1418799
2412	0	0.09028342
2413	0	0.1534061
2414	0	0.06736729
2415	0	0.1240216
2416	0	0.1166265
2417	0	0.0908356
2418	0	0.08322583
2419	0	0.1337274
2420	0	0.1341013
2421	0	0.09240718
2422	0	0.0722608
2423	0	0.1266567
2424	0	0.09779837
2425	0	0.1008844
2426	0	0.08255082
2427	0	0.1089309
2428	0	0.129638
2429	0	0.1571507
2430	0	0.09355377
2431	0	0.09277832
2432	0	0.09938758
2433	0	0.1197641
2434	0	0.09073414
2435	0	0.1160851
2436	0	0.1353739
2437	0	0.1458697
2438	0	0.08550114
2439	0	0.1021035
2440	0	0.1773913
2441	0	0.0963484
2442	0	0.08918674
2443	0	0.1122848
2444	0	0.05031518
2445	0	0.09955617
2446	0	0.08191612
2447	0	0.08827263
2448	0	0.1194536
2449	0	0.1356767
2450	0	0.06463865
2451	0	0.07160108
2452	0	0.09515898
2453	0	0.06424217
2454	0	0.08251064
2455	0	0.1087687
2456	0	0.06545321
2457	0	0.1727966
2458	0	0.07939349
2459	0	0.08567013
2460	0	0.0910712
2461	0	0.1407773
2462	0	0.09306108
2463	0	0.1099656
2464	0	0.1897822
2465	0	0.05667662
2466	0	0.09952527
2467	0	0.1261335
2468	0	0.08244444
2469	0	0.108094
2470	0	0.08768215
2471	0	0.08034845
2472	0	0.07346594
2473	0	0
2474	0	0.09155589
2475	0	0.1194501
2476	0	0.1066243
2477	0	0.08836889
2478	0	0.1297053
2479	0	0.09772754
2480	0	0.07131875
2481	0	0.1815308
2482	0	0.1256552
2483	0	0.1068906
2484	0	0.06216508
2485	0	0.1172617
2486	0	0.133922
2487	0	0.1224564
2488	0	0.1119054
2489	0	0.1159716
2490	0	0.08969832
2491	0	0.104092
2492	0	0.06930944
2493	0	0.09426484
2494	0	0.1470235
2495	0	0.1168191
2496	0	0.08622354
2497	0	0.1297646
2498	0	0.1337215
2499	0	0.08390423
2500	0	0.07810822
2501	0	0.07096104
2502	0	0.08554576
2503	0	0.05497841
2504	0	0.115037
2505	0	0.08211279
2506	0	0.123476
2507	0	0.0692388
2508	0	0.1164547
2509	0	0.1443492
2510	0	0.1762305
2511	0	0.1237167
2512	0	0.1175375
2513	0	0.127855
2514	0	0.1663233
2515	0	0.1375915
2516	0	0.1284575
2517	0	0.1166162
2518	0	0.09009488
2519	0	0.0728668
2520	0	0.07022082
2521	0	0.1897926
2522	0	0.08444221
2523	0	0.09571714
2524	0	0.07225846
2525	0	0.1159852
2526	0	0.1053746
2527	0	0.09327184
2528	0	0.1230544
2529	0	0.07309113
2530	0	0.0752914
2531	0	0.08784266
2532	0	0.08923337
2533	0	0.1299037
2534	0	0.06357101
2535	0	0.1340978
2536	0	0.06823424
2537	0	0.08032948
2538	0	0.1165798
2539	0	0.06611024
2540	0	0.08658061
2541	0	0.1491857
2542	0	0.0975349
2543	0	0.126468
2544	0	0.07315964
2545	0	0.1213044
2546	0	0.1440707
2547	0	0.09504917
2548	0	0.1423006
2549	0	0.09452439
2550	0	0.0699724
2551	0	0.1330246
2552	0	0.1324878
2553	0	0.08997256
2554	0	0.09757335
2555	0	0.08580723
2556	0	0.1110364
2557	0	0.08778591
2558	0	0.1526995
2559	0	0.1533017
2560	0	0.1581322
2561	0	0.1268358
2562	0	0.05927696
2563	0	0.08238692
2564	0	0.08464734
2565	0	0.106999
2566	0	0.1189596
2567	0	0.1048571
2568	0	0.103877
2569	0	0.1197011
2570	0	0.08454014
2571	0	0.06632153
2572	0	0.1081743
2573	0	0.08568238
2574	0	0.1231218
2575	0	0.08110872
2576	0	0.1198344
2577	0	0.09136308
2578	0	0.1172408
2579	0	0.1551866
2580	0	0.08476847
2581	0	0.08113927
2582	0	0.1438134
2583	0	0.06705528
2584	0	0.107506
2585	0	0.1228912
2586	0	0.09367137
2587	0	0.08562355
2588	0	0.08636488
2589	0	0.1027294
2590	0	0.07076735
2591	0	0.08496256
2592	0	0.1045864
2593	0	0.0985143
2594	0	0.06319139
2595	0	0.1671349
2596	0	0.1333414
2597	0	0.1681076
2598	0	0.08211805
2599	0	0.06142038
2600	0	0.1287072
2601	0	0.08547264
2602	0	0.1134351
2603	0	0.07895371
2604	0	0.147933
2605	0	0.1361604
2606	0	0.09015352
2607	0	0.117362
2608	0	0.07760969
2609	0	0.09121832
2610	0	0.08485888
2611	0	0.08997361
2612	0	0.09897982
2613	0	0.1143812
2614	0	0.09715775
2615	0	0.07180472
2616	0	0.1042891
2617	0	0.08430132
2618	0	0.1018983
2619	0	0.07922813
2620	0	0.1033289
2621	0	0.0839773
2622	0	0.08336335
2623	0	0.1191741
2624	0	0.1131484
2625	0	0.09776212
2626	0	0.08436547
2627	0	0.07048712
2628	0	0.07327741
2629	0	0.1138836
2630	0	0.1042489
2631	0	0.06446476
2632	0	0.1033595
2633	0	0.0836902
2634	0	0.1270195
2635	0	0
2636	0	0.09080146
2637	0	0.09217592
2638	0	0.1457236
2639	0	0.03961319
2640	0	0.06746869
2641	0	0.09982421
2642	0	0.1454769
2643	0	0.06055013
2644	0	0.05871977
2645	0	0.1039683
2646	0	0.1794415
2647	0	0.07543623
2648	0	0.09054895
2649	0	0.05606632
2650	0	0.09372704
2651	0	0.09539463
2652	0	0.09617697
2653	0	0.1190522
2654	0	0.08926021
2655	0	0.08317717
2656	0	0.136863
2657	0	0.07720792
2658	0	0.1012247
2659	0	0.08546293
2660	0	0.1181841
2661	0	0.1502773
2662	0	0.07569416
2663	0	0.06484967
2664	0	0.08784529
2665	0	0.1404655
2666	0	0.06904837
2667	0	0.12782
2668	0	0.09567693
2669	0	0.05702766
2670	0	0.09689462
2671	0	0.1159469
2672	0	0.09471078
2673	0	0.1030586
2674	0	0.133941
2675	0	0.1612154
2676	0	0.1178253
2677	0	0.09247854
2678	0	0.07881326
2679	0	0.106303
2680	0	0.06556431
2681	0	0.1674535
2682	0	0.1112611
2683	0	0.1059548
2684	0	0.1213722
2685	0	0.06798175
2686	0	0.08206832
2687	0	0.1116227
2688	0	0.1215971
2689	0	0.1028726
2690	0	0.1113194
2691	0	0.1198426
2692	0	0.1102013
2693	0	0.09611993
2694	0	0.1350412
2695	0	0.1004948
2696	0	0.05394113
2697	0	0.09389152
2698	0	0.181796
2699	0	0.1440729
2700	0	0.1155613
2701	0	0.06621433
2702	0	0.09355964
2703	0	0.0872407
2704	0	0.1273312
2705	0	0.09585615
2706	0	0.09057873
2707	0	0.1536471
2708	0	0.1033481
2709	0	0.1375344
2710	0	0.1135172
2711	0	0.1705356
2712	0	0.101677
2713	0	0.07978
2714	0	0.1571773
2715	0	0.117978
2716	0	0.1131204
2717	0	0.08450807
2718	0	0.1020858
2719	0	0.08755893
2720	0	0.09015962
2721	0	0.08233854
2722	0	0.1293013
2723	0	0.1071557
2724	0	0.5465828
2725	0	0.1025899
2726	0	0.07926644
2727	0	0.1372278
2728	0	0.1193564
2729	0	0.07336973
2730	0	0.08829812
2731	0	0.1740709
2732	0	0.1264243
2733	0	0.08585489
2734	0	0.1651807
2735	0	0.1063767
2736	0	0.1281164
2737	0	0.1358622
2738	0	0.08646009
2739	0	0.07948582
2740	0	0.1073712
2741	0	0.1092174
2742	0	0.1097557
2743	0	0.09369297
2744	0	0.1071345
2745	0	0.09191176
2746	0	0.06391206
2747	0	0.05994036
2748	0	0.126543
2749	0	0.09123555
2750	0	0.06902536
2751	0	0.07912575
2752	0	0.0870569
2753	0	0.187934
2754	0	0.1377692
2755	0	0.1197368
2756	0	0.103173
2757	0	0.1107055
2758	0	0.1014193
2759	0	0.08786327
2760	0	0.1105908
2761	0	0.1545878
2762	0	0.105864
2763	0	0.08327844
2764	0	0.07611225
2765	0	0.09452117
2766	0	0.09836324
2767	0	0.1486856
2768	0	0.1172309
2769	0	0.09624898
2770	0	0.07325771
2771	0	0.07641112
2772	0	0.07894848
2773	0	0.2795003
2774	0	0.09775802
2775	0	0.1785841
2776	0	0.0726101
2777	0	0.1159458
2778	0	0.1181509
2779	0	0.108711
2780	0	0.07145853
2781	0	0.07170238
2782	0	0.1268847
2783	0	0.05239964
2784	0	0.114772
2785	0	0.09994853
2786	0	0.1328289
2787	0	0.1511346
2788	0	0.1159416
2789	0	0.1120891
2790	0	0.1035122
2791	0	0.0684986
2792	0	0.09090355
2793	0	0.09689725
2794	0	0.07646377
2795	0	0.06665778
2796	0	0.08027866
2797	0	0.06748462
2798	0	0.07316761
2799	0	0.1975118
2800	0	0.08832815
2801	0	0.06996471
2802	0	0.08722639
2803	0	0.08464813
2804	0	0.1405966
2805	0	0.07821
2806	0	0.1148357
2807	0	0.07080102
2808	0	0.08559885
2809	0	0.1311444
2810	0	0.1005777
2811	0	0.1117307
2812	0	0.1188906
2813	0	0.07412393
2814	0	0.1030657
2815	0	0.08642497
2816	0	0.09436375
2817	0	0.09323896
2818	0	0.1684659
2819	0	0.08591899
2820	0	0.104466
2821	0	0.07932221
2822	0	0.1011112
2823	0	0.1047055
2824	0	0.1083485
2825	0	0.09000034
2826	0	0.08966519
2827	0	0.0720445
2828	0	0.08563257
2829	0	0.2050018
2830	0	0.1810097
2831	0	0.1212662
2832	0	0.113254
2833	0	0.1192069
2834	0	0.07568087
2835	0	0.1661841
2836	0	0.08534695
2837	0	0.1083715
2838	0	0.1844162
2839	0	0.1206677
2840	0	0.09449805
2841	0	0.09854304
2842	0	0.09698305
2843	0	0.1222972
2844	0	0.0791577
2845	0	0.09802278
2846	0	0.113153
2847	0	0.06398035
2848	0	0.09414166
2849	0	0.1055205
2850	0	0.1038192
2851	0	0.08106303
2852	0	0.07255893
2853	0	0.1118125
2854	0	0.08136484
2855	0	0.08408109
2856	0	0.1043742
2857	0	0.1135543
2858	0	0.08751425
2859	0	0.1203213
2860	0	0.08688475
2861	0	0.0927328
2862	0	0.1088617
2863	0	0.08613776
2864	0	0.1304082
2865	0	0.06737578
2866	0	0.075078
2867	0	0.05767871
2868	0	0.2079031
2869	0	0.1233046
2870	0	0.1675813
2871	0	0.1036988
2872	0	0.1385201
2873	0	0.06772168
2874	0	0.1358377
2875	0	0.08724336
2876	0	0.08551057
2877	0	0.05918812
2878	0	0.08762414
2879	0	0.07781841
2880	0	0.1539162
2881	0	0.1333172
2882	0	0.16097
2883	0	0.08675269
2884	0	0.1045622
2885	0	0.07313507
2886	0	0.1093474
2887	0	0.1128262
2888	0	0.1083982
2889	0	0.08427234
2890	0	0.09974227
2891	0	0.1447576
2892	0	0.1097344
2893	0	0.1138392
2894	0	0.1096781
2895	0	0.1336323
2896	0	0.08578161
2897	0	0.103784
2898	0	0.09910548
2899	0	0.1163786
2900	0	0.08036614
2901	0	0.1261568
2902	0	0.1450087
2903	0	0.1126612
2904	0	0.05654583
2905	0	0.08101207
2906	0	0.08541402
2907	0	0.08104811
2908	0	0.09469347
2909	0	0.1810658
2910	0	0.1001809
2911	0	0.113058
2912	0	0.1148126
2913	0	0.1364905
2914	0	0.1108737
2915	0	0.1339685
2916	0	0.1816985
2917	0	0.1118421
2918	0	0.06414265
2919	0	0.1048024
2920	0	0.148687
2921	0	0.1455781
2922	0	0.1533366
2923	0	0.06264275
2924	0	0.09394461
2925	0	0.08908901
2926	0	0.08193471
2927	0	0.07119926
2928	0	0.1060901
2929	0	0.111843
2930	0	0.09611162
2931	0	0.1021875
2932	0	0.1040379
2933	0	0.1125445
2934	0	0.1184479
2935	0	0.1168297
2936	0	0.09712803
2937	0	0.1176019
2938	0	0.111487
2939	0	0.06148734
2940	0	0.1252604
2941	0	0.0966558
2942	0	0.08901224
2943	0	0.0768948
2944	0	0.09555297
2945	0	0.09959584
2946	0	0.1144996
2947	0	0.1451425
2948	0	0.1234456
2949	0	0.07762915
2950	0	0.1393299
2951	0	0.07543588
2952	0	0.1258483
2953	0	0.110538
2954	0	0.116881
2955	0	0.1298444
2956	0	0.1729294
2957	0	0.08562259
2958	0	0.1359484
2959	0	0.09501287
2960	0	0.07970516
2961	0	0.08820426
2962	0	0.127826
2963	0	0.06259452
2964	0	0.09581004
2965	0	0.1275345
2966	0	0.1009097
2967	0	0.09353653
2968	0	0.09771398
2969	0	0.1314527
2970	0	0.06755159
2971	0	0.1231609
2972	0	0.1127273
2973	0	0.0899211
2974	0	0.1190327
2975	0	0.09984026
2976	0	0.1165848
2977	0	0.1221781
2978	0	0.09817898
2979	0	0.038984
2980	0	0.1324133
2981	0	0.138796
2982	0	0.0796451
2983	0	0.09279037
2984	0	0.2324115
2985	0	0.1030589
2986	0	0.07352644
2987	0	0.1480949
2988	0	0.106713
2989	0	0.09416888
2990	0	0.08069156
2991	0	0.1468413
2992	0	0.1123393
2993	0	0.1350457
2994	0	0.09064046
2995	0	0.1359502
2996	0	0.1096592
2997	0	0.1854786
2998	0	0.1271464
2999	0	0.1101141
3000	0	0.1283351
3001	0	0.1391835
3002	0	0.1122737
3003	0	0.1068807
3004	0	0.1244695
3005	0	0.1006875
3006	0	0.08232702
3007	0	0.09662732
3008	0	0.1364065
3009	0	0.107645
3010	0	0.1294469
3011	0	0.0682077
3012	0	0.03706668
3013	0	0.1235979
3014	0	0.1632936
3015	0	0.1340192
3016	0	0.07506223
3017	0	0.09873365
3018	0	0
3019	0	0.1104452
3020	0	0.0842614
3021	0	0.08832471
3022	0	0.07256442
3023	0	0.05081804
3024	0	0.136217
3025	0	0.06202874
3026	0	0.08622957
3027	0	0.1463514
3028	0	0.2161619
3029	0	0.1053992
3030	0	0.09747444
3031	0	0.1617624
3032	0	0.1269769
3033	0	0.07579277
3034	0	0.1515308
3035	0	0.1090603
3036	0	0.1065175
3037	0	0.1181251
3038	0	0.07983675
3039	0	0.0966432
3040	0	0.1134549
3041	0	0.1354387
3042	0	0.06480999
3043	0	0.08671771
3044	0	0.1443501
3045	0	0.1093386
3046	0	0.114637
3047	0	0.1629065
3048	0	0.09042761
3049	0	0.07836764
3050	0	0.1034311
3051	0	0.1904529
3052	0	0.06277424
3053	0	0.08283886
3054	0	0.1146976
3055	0	0.09331135
3056	0	0.1521938
3057	0	0.08065206
3058	0	0.1017242
3059	0	0.1495555
3060	0	0.07560259
3061	0	0.1180145
3062	0	0.1093227
3063	0	0.08417792
3064	0	0.07308505
3065	0	0.0957659
3066	0	0.0848488
3067	0	0.1156212
3068	0	0.07556546
3069	0	0.1181371
3070	0	0.07170093
3071	0	0.09351589
3072	0	0.1620858
3073	0	0.125395
3074	0	0.09719523
3075	0	0.1115432
3076	0	0.1075978
3077	0	0.1299956
3078	0	0.06397519
3079	0	0.0809197
3080	0	0.08008457
3081	0	0.1138041
3082	0	0.1106138
3083	0	0.1108108
3084	0	0.06591141
3085	0	0.105905
3086	0	0.07274637
3087	0	0.1024654
3088	0	0.09858929
3089	0	0.06894317
3090	0	0.1045659
3091	0	0.129063
3092	0	0.1802998
3093	0	0.08267394
3094	0	0.1194189
3095	0	0.08146042
3096	0	0.1450467
3097	0	0.08220959
3098	0	0.1418435
3099	0	0.09297465
3100	0	0.1208626
3101	0	0.1066653
3102	0	0.1093818
3103	0	0.09176055
3104	0	0.07731973
3105	0	0.154615
3106	0	0.1178111
3107	0	0.1126951
3108	0	0.1648014
3109	0	0.09130194
3110	0	0.1453122
3111	0	0.09823386
3112	0	0.1125773
3113	0	0.1152453
3114	0	0.0654851
3115	0	0.09137227
3116	0	0.06804504
3117	0	0.1114927
3118	0	0.1322628
3119	0	0.1087889
3120	0	0.1397831
3121	0	0.09950763
3122	0	0.05361588
3123	0	0.1051005
3124	0	0.1429145
3125	0	0.07632061
3126	0	0.1060363
3127	0	0.1350226
3128	0	0.1091603
3129	0	0.1372096
3130	0	0.1222371
3131	0	0.09507465
3132	0	0.1225748
3133	0	0.1135496
3134	0	0.09926041
3135	0	0.11904
3136	0	0.1161051
3137	0	0.07754583
3138	0	0.1131627
3139	0	0.1029431
3140	0	0.1052908
3141	0	0.1123926
3142	0	0.1280504
3143	0	0.1080308
3144	0	0.1143755
3145	0	0.1698997
3146	0	0.06439942
3147	0	0.1193613
3148	0	0.1304054
3149	0	0.1023683
3150	0	0.05261505
3151	0	0.123591
3152	0	0.1355117
3153	0	0.07363694
3154	0	0.1184777
3155	0	0.1059698
3156	0	0.1119962
3157	0	0.1692624
3158	0	0.0834494
3159	0	0.1115075
3160	0	0.0926773
3161	0	0.0538108
3162	0	0.07083091
3163	0	0.07987469
3164	0	0.1127642
3165	0	0.1017624
3166	0	0.1034273
3167	0	0.07287642
3168	0	0.1149858
3169	0	0.1187503
3170	0	0.1063868
3171	0	0.1117584
3172	0	0.1033438
3173	0	0.1210652
3174	0	0.08002382
3175	0	0.0833014
3176	0	0.2243128
3177	0	0.123769
3178	0	0.1803124
3179	0	0.07416274
3180	0	0.138514
3181	0	0.07076921
3182	0	0.08181331
3183	0	0.1068303
3184	0	0.1355963
3185	0	0.09097783
3186	0	0.1004777
3187	0	0.08473291
3188	0	0.07396483
3189	0	0.1592743
3190	0	0.1153988
3191	0	0.09910704
3192	0	0.1544709
3193	0	0.1315552
3194	0	0.1093542
3195	0	0.1042783
3196	0	0.1095983
3197	0	0.1144983
3198	0	0.1062504
3199	0	0.09747416
3200	0	0.06385285
3201	0	0.08640145
3202	0	0.09674277
3203	0	0.08903997
3204	0	0.1135831
3205	0	0.08287593
3206	0	0.1189401
3207	0	0.09541174
3208	0	0.162263
3209	0	0.1078972
3210	0	0.1089644
3211	0	0.1697333
3212	0	0.1544182
3213	0	0.07739321
3214	0	0.07867783
3215	0	0.07973261
3216	0	0.1455198
3217	0	0.0817133
3218	0	0.1011463
3219	0	0.1175895
3220	0	0.04850082
3221	0	0.09042965
3222	0	0.1122353
3223	0	0.06547558
3224	0	0.1610094
3225	0	0.1486493
3226	0	0.1250571
3227	0	0.1161513
3228	0	0.06759597
3229	0	0.1079496
3230	0	0.0870263
3231	0	0.1148281
3232	0	0.1192889
3233	0	0.1342717
3234	0	0.09424911
3235	0	0.08396545
3236	0	0.1166175
3237	0	0.07563993
3238	0	0.07430226
3239	0	0.07382057
3240	0	0.2686794
3241	0	0.1210242
3242	0	0.08662133
3243	0	0.164233
3244	0	0.08137035
3245	0	0.1084654
3246	0	0.09154616
3247	0	0.1036885
3248	0	0.09377969
3249	0	0.09332111
3250	0	0.1296355
3251	0	0.1000472
3252	0	0.1037382
3253	0	0.07953621
3254	0	0.09919266
3255	0	0.0917891
3256	0	0.1119142
3257	0	0.08097494
3258	0	0.07995094
3259	0	0.1190109
3260	0	0.07144352
3261	0	0.1155381
3262	0	0.08645867
3263	0	0.1168833
3264	0	0.1103622
3265	0	0.1041134
3266	0	0.09757621
3267	0	0.1292304
3268	0	0.1026203
3269	0	0.08350584
3270	0	0.06783801
3271	0	0.1376266
3272	0	0.09304108
3273	0	0.1029665
3274	0	0.1155571
3275	0	0.178381
3276	0	0.1327909
3277	0	0.1495482
3278	0	0.09390077
3279	0	0
3280	0	0.1723039
3281	0	0.08663237
3282	0	0.06086916
3283	0	0.1117787
3284	0	0.1058828
3285	0	0.126422
3286	0	0.1219905
3287	0	0.1174519
3288	0	0.1320816
3289	0	0.1055351
3290	0	0.1053475
3291	0	0.1110135
3292	0	0.0789167
3293	0	0.08431184
3294	0	0.07686567
3295	0	0.06386769
3296	0	0.1100853
3297	0	0.0933049
3298	0	0.1213007
3299	0	0.1336168
3300	0	0.1320913
3301	0	0.09887452
3302	0	0.09670591
3303	0	0.09952883
3304	0	0.08745471
3305	0	0.06038928
3306	0	0.08829461
3307	0	0.08137623
3308	0	0.09939834
3309	0	0.1012256
3310	0	0.115671
3311	0	0.1214695
3312	0	0.08116271
3313	0	0.1326194
3314	0	0.1029599
3315	0	0.1157243
3316	0	0.1238565
3317	0	0.09197686
3318	0	0.07322446
3319	0	0.1192636
3320	0	0.08869605
3321	0	0.06835317
3322	0	0.1798314
3323	0	0.09052051
3324	0	0.09646132
3325	0	0.07711813
3326	0	0.110287
3327	0	0.123888
3328	0	0.08242922
3329	0	0.09940842
3330	0	0.07073006
3331	0	0.1523885
3332	0	0.1026684
3333	0	0.09488513
3334	0	0.09938402
3335	0	0.1086887
3336	0	0.1376613
3337	0	0.1198281
3338	0	0.1491358
3339	0	0.1031891
3340	0	0.09072805
3341	0	0.1084628
3342	0	0.08528843
3343	0	0.09994113
3344	0	0.1032774
3345	0	0.09393208
3346	0	0.09504826
3347	0	0.07723749
3348	0	0.06532788
3349	0	0.1166276
3350	0	0.1070825
3351	0	0.08626863
3352	0	0.07108124
3353	0	0.1315993
3354	0	0.1257614
3355	0	0.07452459
3356	0	0.07551724
3357	0	0.1294744
3358	0	0.06985011
3359	0	0.09951674
3360	0	0.06962886
3361	0	0.1157331
3362	0	0.1631824
3363	0	0.154831
3364	0	0.1313454
3365	0	0.09354353
3366	0	0.1070352
3367	0	0.1058965
3368	0	0.1897797
3369	0	0.09512367
3370	0	0.1265529
3371	0	0.09622833
3372	0	0.07660341
3373	0	0.1714137
3374	0	0.09376281
3375	0	0.1017427
3376	0	0.07835283
3377	0	0.1679957
3378	0	0.1954907
3379	0	0.08464089
3380	0	0.07955874
3381	0	0.1069757
3382	0	0.1026729
3383	0	0.08161373
3384	0	0.1385282
3385	0	0.06059846
3386	0	0.1273966
3387	0	0.1108577
3388	0	0.09428518
3389	0	0.05753932
3390	0	0.07922995
3391	0	0.08840232
3392	0	0.1131739
3393	0	0.07222761
3394	0	0.1496176
3395	0	0.1243213
3396	0	0.1083084
3397	0	0.140431
3398	0	0.08480254
3399	0	0.1121583
3400	0	0.1229258
3401	0	0.1163411
3402	0	0.1175663
3403	0	0.131615
3404	0	0.1017302
3405	0	0.09319404
3406	0	0.09599969
3407	0	0.0691191
3408	0	0.08513305
3409	0	0.1010731
3410	0	0.170637
3411	0	0.1230937
3412	0	0.1065255
3413	0	0.1492658
3414	0	0.1042175
3415	0	0.1071286
3416	0	0.1346114
3417	0	0.1142051
3418	0	0.168702
3419	0	0.08230188
3420	0	0.0923977
3421	0	0.1115273
3422	0	0.1000392
3423	0	0.07733174
3424	0	0.1446694
3425	0	0.09605706
3426	0	0.1282559
3427	0	0.1135502
3428	0	0.1176794
3429	0	0.09366734
3430	0	0.1456454
3431	0	0.06921799
3432	0	0.05159546
3433	0	0.09285758
3434	0	0.07818578
3435	0	0.09294941
3436	0	0.09698953
3437	0	0.1171652
3438	0	0.09182552
3439	0	0.07241386
3440	0	0.07985537
3441	0	0.209308
3442	0	0.1135912
3443	0	0.08423067
3444	0	0.1110627
3445	0	0.1071183
3446	0	0.08477012
3447	0	0.1058611
3448	0	0.06952387
3449	0	0.08397216
3450	0	0.08833595
3451	0	0.1299931
3452	0	0.1368554
3453	0	0.111153
3454	0	0.05850659
3455	0	0.1172327
3456	0	0.1115673
3457	0	0.09206916
3458	0	0.0943285
3459	0	0.1394568
3460	0	0.09205332
3461	0	0.08506678
3462	0	0.07241817
3463	0	0.06524592
3464	0	0.05929475
3465	0	0.1860258
3466	0	0.08983976
3467	0	0.1199835
3468	0	0.05859765
3469	0	0.1014874
3470	0	0.1090327
3471	0	0.1172589
3472	0	0.07889615
3473	0	0.1114464
3474	0	0.1262425
3475	0	0.1134927
3476	0	0.1090545
3477	0	0.08914301
3478	0	0.09350523
3479	0	0.1439612
3480	0	0.09607533
3481	0	0.1640178
3482	0	0.07989875
3483	0	0.09874817
3484	0	0.1052268
3485	0	0.08727153
3486	0	0.1102064
3487	0	0.1117503
3488	0	0.08446132
3489	0	0.08590408
3490	0	0.1202221
3491	0	0.06861115
3492	0	0.1909464
3493	0	0.1131854
3494	0	0.148184
3495	0	0.1582157
3496	0	0.1129819
3497	0	0.1477715
3498	0	0.106896
3499	0	0.1049303
3500	0	0.1352286
3501	0	0.2161016
3502	0	0.1366641
3503	0	0.1154378
3504	0	0.09365585
3505	0	0.09664581
3506	0	0.08199444
3507	0	0.1242315
3508	0	0.09586037
3509	0	0.06792984
3510	0	0.09560211
3511	0	0.139426
3512	0	0.1083313
3513	0	0.08857616
3514	0	0.1012821
3515	0	0.1290178
3516	0	0.09722699
3517	0	0.05794726
3518	0	0.09890629
3519	0	0.07248825
3520	0	0.1191212
3521	0	0.1599041
3522	0	0.1123723
3523	0	0.1564389
3524	0	0.09103373
3525	0	0.108876
3526	0	0.1020709
3527	0	0.09440054
3528	0	0.1384459
3529	0	0.0896865
3530	0	0.1115026
3531	0	0.1195163
3532	0	0.09241077
3533	0	0.09135791
3534	0	0.1926082
3535	0	0.0754083
3536	0	0.1404259
3537	0	0.1368402
3538	0	0.08385688
3539	0	0.1177856
3540	0	0.1095053
3541	0	0.06710054
3542	0	0.1219484
3543	0	0.1335514
3544	0	0.119385
3545	0	0.165227
3546	0	0.1322106
3547	0	0.146439
3548	0	0.1212233
3549	0	0.07248383
3550	0	0.05292282
3551	0	0.08190116
3552	0	0.1253539
3553	0	0.09893525
3554	0	0.1032632
3555	0	0.08839779
3556	0	0.08628388
3557	0	0.1373579
3558	0	0.135454
3559	0	0.190739
3560	0	0.06630583
3561	0	0.1335144
3562	0	0.08859326
3563	0	0.09519231
3564	0	0.06316078
3565	0	0.153866
3566	0	0.08898056
3567	0	0.1145447
3568	0	0.1363766
3569	0	0.1070254
3570	0	0.09755917
3571	0	0.09162451
3572	0	0.1066298
3573	0	0.1674251
3574	0	0.1924172
3575	0	0.1057695
3576	0	0.1032082
3577	0	0.07339029
3578	0	0.1033333
3579	0	0.0956514
3580	0	0.07847193
3581	0	0.08015081
3582	0	0.08210282
3583	0	0.08695614
3584	0	0.05124807
3585	0	0.07570097
3586	0	0.1644115
3587	0	0.1275384
3588	0	0.150236
3589	0	0.1360044
3590	0	0.1045387
3591	0	0.132195
3592	0	0.1819125
3593	0	0.09767418
3594	0	0.0822943
3595	0	0.06018607
3596	0	0.1569355
3597	0	0.1174481
3598	0	0.146914
3599	0	0.08636779
3600	0	0.1123119
3601	0	0.1260983
3602	0	0.1235547
3603	0	0.148648
3604	0	0.07382509
3605	0	0.07121462
3606	0	0.1200103
3607	0	0.1234605
3608	0	0.1100222
3609	0	0.1582319
3610	0	0.09355
3611	0	0.1112433
3612	0	0.07424098
3613	0	0.08996301
3614	0	0.1119473
3615	0	0.09095945
3616	0	0.08718069
3617	0	0.1080128
3618	0	0.1296885
3619	0	0.07854966
3620	0	0.1712893
3621	0	0.1222937
3622	0	0.1002037
3623	0	0.1374605
3624	0	0.09492016
3625	0	0.0509862
3626	0	0.1033175
3627	0	0.07845581
3628	0	0.175586
3629	0	0.04674911
3630	0	0.1466248
3631	0	0.09585256
3632	0	0.1295084
3633	0	0.1605526
3634	0	0.1242133
3635	0	0.1139456
3636	0	0.1313038
3637	0	0.09575958
3638	0	0.08504602
3639	0	0.1124273
3640	0	0.1211648
3641	0	0.190808
3642	0	0.1335244
3643	0	0.1890166
3644	0	0.1302255
3645	0	0.1799978
3646	0	0.07647938
3647	0	0.1739856
3648	0	0.1136065
3649	0	0.10422
3650	0	0.1539242
3651	0	0.05580466
3652	0	0.0869374
3653	0	0.1298387
3654	0	0.08083597
3655	0	0.08716132
3656	0	0.1034705
3657	0	0.1029112
3658	0	0.1098347
3659	0	0.0809199
3660	0	0.09921324
3661	0	0.1096902
3662	0	0.1292013
3663	0	0.0754934
3664	0	0.0743808
3665	0	0.1230906
3666	0	0.05201098
3667	0	0.10744
3668	0	0.08035879
3669	0	0.1105046
3670	0	0.07139542
3671	0	0.1130993
3672	0	0.1581842
3673	0	0.09899206
3674	0	0.1290729
3675	0	0.09503084
3676	0	0.1016357
3677	0	0.08374102
3678	0	0.07886094
3679	0	0.075037
3680	0	0.1168997
3681	0	0.1235294
3682	0	0.1427264
3683	0	0.07278852
3684	0	0.07295297
3685	0	0.09524226
3686	0	0.1356297
3687	0	0.09697121
3688	0	0.09094398
3689	0	0.1072995
3690	0	0.08274782
3691	0	0.1128253
3692	0	0.1291771
3693	0	0.09805325
3694	0	0.0790682
3695	0	0.08498842
3696	0	0.08969954
3697	0	0.09020483
3698	0	0.1089448
3699	0	0.1444802
3700	0	0.1221613
3701	0	0.1291648
3702	0	0.100424
3703	0	0.1246832
3704	0	0.08760671
3705	0	0.06010016
3706	0	0.09587553
3707	0	0.08003317
3708	0	0.1106515
3709	0	0.0795852
3710	0	0.1951273
3711	0	0.09972267
3712	0	0.083978
3713	0	0.1523385
3714	0	0.107517
3715	0	0.09679895
3716	0	0.120478
3717	0	0.1589653
3718	0	0.1036033
3719	0	0.1238451
3720	0	0.136713
3721	0	0.1145364
3722	0	0.09678781
3723	0	0.09231616
3724	0	0.1393061
3725	0	0.1200301
3726	0	0.07313695
3727	0	0.0997987
3728	0	0.08092081
3729	0	0.08874808
3730	0	0.09721338
3731	0	0.1208548
3732	0	0.1144662
3733	0	0.2142755
3734	0	0.103045
3735	0	0.1012561
3736	0	0.06482692
3737	0	0.07654014
3738	0	0.1476057
3739	0	0.1717258
3740	0	0.1076104
3741	0	0.1011264
3742	0	0.0691562
3743	0	0.0610887
3744	0	0.07386196
3745	0	0.09972823
3746	0	0.1402308
3747	0	0.1157329
3748	0	0.08010657
3749	0	0.1218456
3750	0	0.08984452
3751	0	0.06317794
3752	0	0.1003825
3753	0	0.1116766
3754	0	0.1088229
3755	0	0.07843808
3756	0	0.1033499
3757	0	0.08035666
3758	0	0.106229
3759	0	0.130583
3760	0	0.1187629
3761	0	0.1055712
3762	0	0.1171961
3763	0	0.06785296
3764	0	0.2100438
3765	0	0.1112122
3766	0	0.1340688
3767	0	0.1516612
3768	0	0.1019942
3769	0	0.1444117
3770	0	0.08339491
3771	0	0.08380516
3772	0	0.1383421
3773	0	0.05615088
3774	0	0.07673219
3775	0	0.1282161
3776	0	0.08242087
3777	0	0.1127157
3778	0	0.07841834
3779	0	0.1395368
3780	0	0.107213
3781	0	0.09243631
3782	0	0.1552004
3783	0	0.09368726
3784	0	0.1130146
3785	0	0.0835602
3786	0	0.09333251
3787	0	0.10564
3788	0	0.1074272
3789	0	0.1427207
3790	0	0.1290482
3791	0	0.09734084
3792	0	0.1505901
3793	0	0.1165155
3794	0	0.07767859
3795	0	0.1117299
3796	0	0.1167745
3797	0	0.1471015
3798	0	0.1260804
3799	0	0.1293228
3800	0	0.06728783
3801	0	0.1093229
3802	0	0.1234469
3803	0	0.1111073
3804	0	0.0716062
3805	0	0.1211318
3806	0	0.1130063
3807	0	0.1366289
3808	0	0.1169263
3809	0	0.1193178
3810	0	0.1120838
3811	0	0.07240175
3812	0	0.07777241
3813	0	0.08800989
3814	0	0.07880302
3815	0	0.1040356
3816	0	0.08898238
3817	0	0.1398534
3818	0	0.1040545
3819	0	0.1398783
3820	0	0.09626047
3821	0	0.07859287
3822	0	0.1385333
3823	0	0.08709625
3824	0	0.149292
3825	0	0.09816384
3826	0	0.1392784
3827	0	0.09136659
3828	0	0.0977713
3829	0	0.07494027
3830	0	0.09753671
3831	0	0.1243946
3832	0	0.09537744
3833	0	0.1331329
3834	0	0.09693764
3835	0	0.1115644
3836	0	0.08683405
3837	0	0.1098646
3838	0	0.08320118
3839	0	0.07520833
3840	0	0.1721143
3841	0	0.1054942
3842	0	0.11896
3843	0	0.1159827
3844	0	0.147371
3845	0	0.1220251
3846	0	0.08535664
3847	0	0.1040537
3848	0	0.1098789
3849	0	0.123058
3850	0	0.08409107
3851	0	0.0941413
3852	0	0.1458953
3853	0	0.08710619
3854	0	0.07344894
3855	0	0.1042317
3856	0	0.1688022
3857	0	0.08611588
3858	0	0.07513233
3859	0	0.09255266
3860	0	0.09161553
3861	0	0.09270959
3862	0	0.0928212
3863	0	0.1048796
3864	0	0.1286314
3865	0	0.08725523
3866	0	0.1151783
3867	0	0.1467897
3868	0	0.0994717
3869	0	0.06669468
3870	0	0.117995
3871	0	0.09367558
3872	0	0.07786555
3873	0	0.1428737
3874	0	0.09963533
3875	0	0.1424508
3876	0	0.09843634
3877	0	0.1024686
3878	0	0.1075141
3879	0	0.1256786
3880	0	0.1462826
3881	0	0.109769
3882	0	0.06490295
3883	0	0.07482062
3884	0	0.08133142
3885	0	0.195533
3886	0	0.07128208
3887	0	0.1574279
3888	0	0.06455953
3889	0	0.1225065
3890	0	0.1499856
3891	0	0.1210111
3892	0	0.09114408
3893	0	0.1145435
3894	0	0.09840718
3895	0	0.1519512
3896	0	0.09031376
3897	0	0.1433369
3898	0	0.1556973
3899	0	0.1251448
3900	0	0.0712019
3901	0	0.1428932
3902	0	0.1389567
3903	0	0.1014746
3904	0	0.07559476
3905	0	0.1141917
3906	0	0.1211121
3907	0	0.1245602
3908	0	0.1130217
3909	0	0.07128493
3910	0	0.08241075
3911	0	0.1428864
3912	0	0.1013413
3913	0	0.08805794
3914	0	0.08745394
3915	0	0.1049028
3916	0	0.09607292
3917	0	0.1062788
3918	0	0.1006142
3919	0	0.09267755
3920	0	0.1013866
3921	0	0.1094981
3922	0	0.1196193
3923	0	0.1095425
3924	0	0.1504817
3925	0	0.1453472
3926	0	0.09116269
3927	0	0.1442753
3928	0	0.1333893
3929	0	0.1061139
3930	0	0.1070893
3931	0	0.111241
3932	0	0.08805398
3933	0	0.1129955
3934	0	0.1231949
3935	0	0.07636905
3936	0	0.1051895
3937	0	0.1102599
3938	0	0.1392894
3939	0	0.1092166
3940	0	0.1403086
3941	0	0.07822021
3942	0	0.1152884
3943	0	0.1163068
3944	0	0.1890625
3945	0	0.1154974
3946	0	0.09489476
3947	0	0.1361701
3948	0	0.1113424
3949	0	0.08395382
3950	0	0.1228851
3951	0	0.1203298
3952	0	0.1177563
3953	0	0.08106612
3954	0	0.1082162
3955	0	0.08512095
3956	0	0.0594746
3957	0	0.1724606
3958	0	0.1379556
3959	0	0.1383088
3960	0	0.05371158
3961	0	0.1156054
3962	0	0.1468241
3963	0	0.06810533
3964	0	0.07600418
3965	0	0.09900637
3966	0	0.07263795
3967	0	0.1640836
3968	0	0.06128461
3969	0	0.1021785
3970	0	0.08456524
3971	0	0.06286149
3972	0	0.09350523
3973	0	0.1004031
3974	0	0.1116049
3975	0	0.114743
3976	0	0.09290529
3977	0	0.1175604
3978	0	0.1114945
3979	0	0.08302552
3980	0	0.08680073
3981	0	0.1669406
3982	0	0.1478581
3983	0	0.0540203
3984	0	0.2296989
3985	0	0.09531099
3986	0	0.1308405
3987	0	0.06152013
3988	0	0.09208086
3989	0	0.1126078
3990	0	0.165004
3991	0	0.1327333
3992	0	0.1241966
3993	0	0.09397277
3994	0	0.09374189
3995	0	0.06129382
3996	0	0.1083166
3997	0	0.1306775
3998	0	0.05739932
3999	0	0.1379
4000	0	0.09653208
4001	0	0.1060008
4002	0	0.09650739
4003	0	0.07928548
4004	0	0.1378606
4005	0	0.1098388
4006	0	0.110865
4007	0	0.1156166
4008	0	0.05905541
4009	0	0.09303979
4010	0	0.07503857
4011	0	0.102962
4012	0	0.09458447
4013	0	0.08687048
4014	0	0.09956371
4015	0	0.1382232
4016	0	0.1765023
4017	0	0.120259
4018	0	0.08032122
4019	0	0.09641388
4020	0	0.107125
4021	0	0.1068906
4022	0	0.1108036
4023	0	0.1027138
4024	0	0.112225
4025	0	0.08557277
4026	0	0.117494
4027	0	0.08207728
4028	0	0.08384331
4029	0	0.1024176
4030	0	0.103379
4031	0	0.2265907
4032	0	0.124913
4033	0	0.1278706
4034	0	0.1187813
4035	0	0.08702365
4036	0	0.1288151
4037	0	0.1289434
4038	0	0.07338022
4039	0	0.08328135
4040	0	0.09530381
4041	0	0.1563382
4042	0	0.09494476
4043	0	0.09401969
4044	0	0.1538712
4045	0	0.08978055
4046	0	0.1044146
4047	0	0.1038439
4048	0	0.05781082
4049	0	0.1174372
4050	0	0.1087167
4051	0	0.1295053
4052	0	0.1516574
4053	0	0.08890145
4054	0	0.09065394
4055	0	0.08855396
4056	0	0.07667195
4057	0	0.07645015
4058	0	0.1090888
4059	0	0.1083196
4060	0	0.06874331
4061	0	0.1266359
4062	0	0.09716388
4063	0	0.1490871
4064	0	0.1198021
4065	0	0.1342333
4066	0	0.07711533
4067	0	0.1090035
4068	0	0.1309589
4069	0	0.1634931
4070	0	0.1231884
4071	0	0.08724519
4072	0	0.1209573
4073	0	0.08714825
4074	0	0.08831605
4075	0	0.1005792
4076	0	0.07366955
4077	0	0.1203755
4078	0	0.07469337
4079	0	0.09916257
4080	0	0.07957532
4081	0	0.07508252
4082	0	0.09237261
4083	0	0.09316322
4084	0	0.08509067
4085	0	0.09688458
4086	0	0.119253
4087	0	0.08912013
4088	0	0.2301266
4089	0	0.08699116
4090	0	0.1431384
4091	0	0.09962045
4092	0	0.04447646
4093	0	0.1177692
4094	0	0.1327317
4095	0	0.1147998

